:[0.6546792783763284, 0.0, 0.0, 0.0]
5-5-0:[-59.60013907024851, -45.85494361202877, -54.15028625024396, -12.831276935918144]
20-7-0:[3.300731012528377, 3.301616497485738, 4.494335100291589, 3.7594751988404203]
11-9-0:[2.0097521846155137, -13.346223477600908, -3.900022113193836, -6.062561343097523]
37-3-0:[-81.14003542375268, -75.24887302729229, -19.4449624590581, -72.1818039477935]
0-0-0:[-97.52260408468365, -175.11125918228004, -84.95852166807902, -113.373016118995]
21-5-0:[2.4821257220570345, 3.4507756143948067, 1.646912726485799, 2.4992515384355904]
29-3-0:[-1.1925579375972464, -0.5595758988615269, -2.4721702180599614, 1.9185115754623072]
12-7-0:[-109.82818238825759, -188.98785292925677, -198.43878362757673, -177.98183959148759]
38-1-0:[-21.016973936373336, -45.1876722739257, -54.47492374540132, -4.090514077363366]
19-7-0:[-6.452741887481643, -10.448219245016695, -10.495947386979418, 3.3618420835345812]
7-0-0:[2.339841515890381, 1.539863833219507, 3.0453529950222062, -25.340704508221545]
22-3-0:[1.7712837632040894, 1.7185568070185484, 1.7042112316865208, 1.553810437988556]
14-2-0:[2.816555566483384, 1.9871519245077336, 2.0752888308406976, 1.9993614326190392]
30-2-0:[-158.87744372964718, -171.29275299327256, -151.0190739953292, -83.6669145290209]
35-7-0:[-1.9507700118615177, -53.71543500838271, -5.850894998190113, -13.159495744157711]
31-0-0:[-3.681021642548924, 2.3572905279965113, 1.7050264165016897, 1.654071347316034]
13-4-0:[-9.558824924989459, -8.357203299794255, -1.0680102674985732, -3.8759934451228997]
28-6-0:[2.1264386039856644, 2.9077905798451185, 2.1022621814106586, 2.112650574127456]
4-8-0:[-67.74753299957865, -90.39093797304828, -30.678287586919772, -98.90331477782311]
6-2-0:[-158.59011834946608, -305.9483788941318, -275.0722047582343, -288.4426442636805]
18-9-0:[-206.00494197350417, -199.6874010973177, -206.71656213475546, -172.7980480220052]
28-10-0:[2.6632976211156194, 2.6910748885457085, 2.1468609465026507, 2.6583319707897606]
15-0-0:[3.1751754769585334, 2.9476094098646604, 0.9521309900431285, 2.3721182098238875]
33-10-0:[1.747795592747426, 3.4818666686136455, 2.1938675654663404, 2.7779991142458207]
36-5-0:[-239.2007063850798, -185.96709577132964, -248.83303796222978, -264.86605438903706]
27-8-0:[2.784834949031464, 2.8852017874549585, 2.7851206838320595, 2.792943196824274]
23-1-0:[-13.010921416462834, -5.576640203708008, -2.24260897495517, -12.670844586600262]
5-4-0:[-34.53364436030922, 2.0034744310886423, -95.59923186756075, -11.606153025740438]
20-6-0:[2.920320604021622, 3.2000658823795214, 3.70371158532806, 2.9211470420547085]
29-2-0:[-61.62966198690525, 1.91917217770578, -12.235395412649567, 1.375504824765908]
37-2-0:[-133.52456129996798, -27.940456207274032, -119.30135958694434, -106.53270926394441]
21-4-0:[2.783336871394175, 2.7820053415300365, 2.670197031720179, 2.5281151620884295]
38-0-0:[-60.07980613220697, 0.720123899608337, -81.59213706038557, -0.06975878798781321]
12-8-0:[-206.12117423995068, -90.83164286610587, -175.3949886107672, -192.04546273694638]
42-9-0:[-109.63935336177757, -73.19879444059148, -82.37472007959457, -80.74106234039537]
22-2-0:[1.6640883337728964, 1.6635207082529533, 2.0733737853740717, 1.7361034492994258]
16-10-0:[2.7283905913356277, 0.15890868558641738, 2.4305774172697676, 2.4501684999318476]
19-8-0:[-11.146412202623747, -15.276298782001499, -12.974415549443792, 3.702661469051752]
14-1-0:[3.136394025844073, 3.379788947993579, 2.1830494593843772, 2.322414810947644]
30-3-0:[-130.76509969178122, -172.37001941998685, -73.66974693633395, -83.91231190467087]
35-6-0:[1.2501656780412518, -13.220121726509978, -11.976755466585722, -10.693771747278193]
13-3-0:[2.6034995122241362, 1.1110896323331336, 0.18414645764171214, 0.9819436863360158]
31-1-0:[0.7877566312209643, -2.740808344187456, 1.643186650491835, -4.3185390125393095]
28-7-0:[0.3427339265109634, 2.687977698384624, 2.70598121500618, -8.691753535444159]
4-9-0:[-1.4487468829575851, -8.696490134208611, -10.47507427600473, -94.9273819504349]
23-0-0:[1.834737976458919, 0.9546466283476531, 1.549048118523861, 1.4683152095185434]
6-1-0:[-294.9022978783379, -204.3404783564759, -300.865553355631, -341.3401315981473]
40-0-0:[-41.08472987835348, -42.0153988653794, -7.129761624654534, 1.505522744884399]
36-4-0:[-199.70195564669038, -204.64524411786465, -217.59343237897883, -168.51620975121887]
27-9-0:[2.6946373459280446, 2.6556554172997635, 3.2546987563361585, -4.63048764922147]
5-3-0:[-17.401860400508376, -7.577478330624824, -15.288564258649352, 1.7264244666593462]
16-0-0:[2.4910508606712414, 2.876161033220417, 2.5955123321019116, 2.280116957513462]
0-2-0:[-64.80282561203671, -71.59871456039627, -35.29159918907926, -106.6343872131149]
20-5-0:[2.8435059955432993, 2.827001978755055, 3.7438657012207828, 2.8500003973724333]
11-7-0:[-1.0671858668562326, 0.37490363247233177, 2.8188618207270983, -7.107524178935265]
37-1-0:[-49.56218116264407, -3.780550574206137, -19.619486936943712, -24.76485867921187]
21-3-0:[2.64269424536802, 2.1811889494622787, 2.163299068079279, 2.6406384452661196]
29-5-0:[-6.551279601095062, 2.5045966233922448, -6.427608570801565, -13.261440378096557]
12-5-0:[-202.4175412495261, -167.42334901742305, -111.32154920126007, -204.160202755642]
19-9-0:[-3.7356779742666517, 2.738743167130084, -3.879962346543216, 3.217656638651031]
14-4-0:[2.327850120816645, 3.077958737925752, 2.2385068605804705, 2.2243203759976127]
30-4-0:[-272.4705103494312, -163.14303129375475, -129.81894534836823, -161.25671039227768]
31-2-0:[-1.557171466673399, -4.627831176909024, -1.1301682414897107, -17.829945766242425]
35-5-0:[-36.139852096262096, -44.29699925945059, 1.5868388524951702, -15.385733535562576]
28-4-0:[3.14074292451848, 0.015401652918438896, 1.9089305235885234, 1.9850391763812625]
22-1-0:[2.4332545468155, 0.9941576771260636, 1.6924482976387278, 1.6980204950255726]
13-6-0:[3.3102604555660493, 3.0524898351833416, 3.459919743903951, 3.499236495833158]
15-2-0:[1.99134342346559, 2.576176909476883, 3.3653465232082356, 1.9047695250388776]
26-8-0:[2.7594296656887005, 3.4039869519659653, 2.751374130656408, 2.761727654661497]
6-0-0:[-251.95598447576083, -228.12649773363196, -258.5549095170098, -296.45373814751196]
25-10-0:[-8.617335900404221, 2.3860057615305665, -0.8536266969761691, 0.8938365858297146]
10-9-0:[2.549901484375981, 2.536608892152705, 2.5416255841940045, 2.5453738722163046]
32-0-0:[2.6642909475427525, 2.6959015682003358, 2.6812303911260447, 2.0209744357996318]
36-3-0:[-278.4060438424901, -205.4070979659074, -299.168304880141, -275.50207773729534]
5-2-0:[-14.363174183865265, -6.2249272407008664, -1.6642227214718135, -37.5268636292146]
27-6-0:[2.9075900043263254, 2.496504103781827, 3.7388089143347583, 2.486656279582349]
20-4-0:[2.381341052950539, 2.7120480738537385, 2.7193593498412447, 2.7258741233696298]
3-10-0:[2.314661291978592, -84.42503575559067, -49.11424435505448, -118.88338531335677]
37-0-0:[-116.08196940668108, 2.0959944717040835, -15.197362516004237, -44.8270583343563]
11-8-0:[-6.180315608366683, -12.978652623609284, -0.9823840881276913, -8.990492501291302]
0-1-0:[-79.4453006204996, -109.32535456080323, -68.12374152454883, -113.53081937194021]
29-4-0:[-1.5578232889652455, -0.50847557549566, -0.21082991366657777, 2.5957543304749295]
21-2-0:[2.11010769213616, 2.6398153647063327, 2.0965722923706362, 2.114763851669742]
12-6-0:[-141.84644492454507, -159.08681066742326, -165.4355659280851, -97.0283798174189]
14-3-0:[2.1057166369194658, 2.329118224633486, 2.3201302901811918, 2.1886886479950385]
30-5-0:[-198.69300409709587, -86.47224208427541, -188.94993091099872, -218.78553841867694]
24-10-0:[-261.44629795883685, -144.11896617780891, -228.1269472206037, -243.19142120952154]
31-3-0:[-2.936009669844771, -5.937338675545253, 2.1588222561593673, -10.162053047417876]
35-4-0:[-19.87342886826721, 1.924417526159484, -15.60639286083775, -13.604856307457771]
13-5-0:[-5.9184694022030495, 2.595050965509076, 2.9948401142464944, 3.0110926295347973]
28-5-0:[2.3238082924678083, 1.97701546113117, 1.978031886974591, 1.9958683260532177]
22-0-0:[2.2680052359726206, 2.9813233891835225, 3.093701559058651, 2.306000867118532]
1-0-0:[-6.77167758678041, -21.948908395291163, -49.364420358708664, -22.215620356171325]
26-9-0:[2.6745090769612787, 3.144588361719201, 2.6530195896809263, 2.657154083702181]
15-1-0:[2.1588851281726225, 3.0160301356027466, 2.2298386783475874, 2.144803974276175]
32-1-0:[1.3285490027607207, 2.585505825637984, 1.3485063117220863, 1.668621119476051]
5-1-0:[-39.68869427668596, -39.79547756674277, -1.5316807155204326, -48.07795594914917]
27-7-0:[2.6304242667719744, 2.6243412211969916, 4.2782830179462135, 2.640406080105962]
36-2-0:[-260.146398628998, -123.19805235574786, -286.3461683605666, -273.76865187891633]
41-0-0:[-32.94668600960598, 0.7833727939018513, -55.06062941790574, -35.51921105556769]
25-8-0:[-9.260611247524402, 2.5638548061704154, -10.89002527525836, -6.63613659219275]
5-9-0:[-46.199239688469405, -59.514146920116914, -5.30779091781325, -36.473121218205776]
9-0-0:[2.6454242037470497, 3.128821889170017, 2.6372043324755774, 2.645896201554846]
20-3-0:[2.6329266742709354, 2.8982200967613228, 2.7647124346319836, 2.6469492542785504]
4-3-0:[-37.76651508153691, 1.5523859053049909, -87.09615831261539, -8.482532148715869]
17-8-0:[-8.194151352880194, -12.202755599461675, 0.611452468396203, -25.848425865733546]
6-7-0:[-155.2475486983593, -189.57014997292623, -205.97956432083367, -200.1106183907229]
33-0-0:[-0.4580225362894639, -1.3254099893290259, -0.9982352094956997, 2.3030813307330504]
11-5-0:[-1.1828661159045353, 2.187418974120707, -1.120240764770144, 0.9795062728007902]
2-8-0:[-45.184552578318495, -51.10452681458346, 3.7072613541128407, -46.307791547765106]
12-3-0:[-130.37663114692384, -136.78278218086362, -220.8343608599123, -70.20107760406086]
21-1-0:[2.667448400377424, 2.924166714019297, 2.1815348705026576, 2.868251794331188]
3-5-0:[-33.42708843921294, -46.02185836768506, -74.64896681287753, -10.424843794269995]
7-5-0:[-16.48531390785812, 3.8731550911056662, 3.908516758024183, 4.295565497625395]
27-4-0:[2.5700457859114527, 2.570331873280689, 2.5774430421857226, 2.8559786336390203]
19-3-0:[2.975215276496042, -14.950629039854293, -23.072404440885585, -10.962153074565213]
31-4-0:[3.1950527356189324, -1.289667467242464, 0.8466468640217553, -0.2576889921625416]
30-6-0:[-165.0711835372304, -144.59185805474317, -105.57841337794088, -133.2245731230978]
13-0-0:[2.2671710047355553, 3.8135888375380484, 2.361103926082379, -3.085448541582608]
2-7-0:[-27.571771493052136, 5.364871866171114, -70.29804166541932, -37.98743999426534]
8-3-0:[2.4858458581110585, 1.9324065256415917, 2.0410976151679376, 2.2593042115644044]
35-3-0:[-25.50410111904431, 2.177556996143581, -2.1142105421880855, -6.050675622248113]
40-3-0:[-66.54197798281159, -49.55717108049967, -56.4463175361844, -90.10955577365584]
26-6-0:[3.044916979873158, 3.030906659869498, 3.51264669444318, 3.0523516098522583]
28-2-0:[1.9576905301258887, 2.479929065927204, 2.200628589981398, -0.8988292254307519]
18-5-0:[-269.7437941350052, -207.237230959692, -286.98466340846136, -254.82724416769202]
9-1-0:[3.0633037464139248, 2.012641929030874, -12.592301797639763, 2.002143197076952]
10-7-0:[3.041418388666936, 3.1544735130602133, 2.839981320939303, 2.4945547509861976]
32-2-0:[-0.3142987745268885, 2.302691069366873, -30.077312772651474, 0.10829179854082716]
36-1-0:[-253.84182399695703, -232.10777810658885, -253.45269487060494, -184.77652916381354]
25-9-0:[-6.063652876914944, -8.001687219637203, -6.147535390811186, 2.353971976376156]
5-8-0:[-4.677706112546526, -79.74117835361108, -86.00429686449229, -72.13582423400455]
11-6-0:[-9.137309712699578, 2.4531926322397455, 1.5688581891849638, 0.29147595992478104]
17-7-0:[-8.28517547497956, -5.7464915348236865, 4.284175521692002, -1.1389442805789116]
4-4-0:[-49.775021386213744, 2.47304518296371, -54.53178793187582, -43.56769064728836]
6-6-0:[-154.41872286985313, -40.5942803829109, -107.39764960257514, -128.76777693576273]
33-1-0:[-0.10156788099099434, 2.216599446945323, -14.131188858006354, -4.582957142701909]
20-2-0:[3.591828661259333, 3.8425473825026115, 2.198639185805914, 2.204428376247728]
2-9-0:[-6.553024086304443, -32.7230486589182, 0.060485792359452284, -33.731034450044646]
8-1-0:[3.055435107763835, 2.9413232242423057, 2.3348274551444392, 2.469947338059848]
12-4-0:[-119.3406296869826, -154.75386889234315, -172.39939600922406, -108.66737614205638]
21-0-0:[3.1203801402885536, 2.6234117869898226, 2.8161401185255657, 2.663525550924721]
3-6-0:[-10.65178019803335, -46.2811923663981, -89.95747581607722, -44.501867135388196]
7-4-0:[1.2069989861773927, 2.4171415429443943, 2.966752903629315, 2.4093161656926627]
16-9-0:[3.127302778013357, 2.5573815536563185, 2.5541172699239474, -1.1871802140823353]
3-7-0:[-80.23644489263201, 0.7124905439349314, -38.022896842927295, -66.67292894442332]
13-10-0:[-9.366493142768578, 3.1413681270370093, -13.91479738368758, -3.255931118436701]
19-4-0:[1.564659827899122, -9.262622543598912, 2.5622180183006447, -3.4104474642515115]
31-5-0:[2.611530250050178, 1.6165240870301232, -0.47725334334748815, 1.3568100680101312]
8-2-0:[1.895185121268343, 1.886865317107116, 2.5451680216617207, 1.8931163642582776]
30-7-0:[-51.95306400650236, -186.85333210567322, -154.75668346801297, -196.71061517656548]
35-2-0:[-9.058124620072773, 1.6657752059871607, -10.016650892360353, -16.89710109549297]
26-7-0:[3.2401010460277795, 3.2483493435803465, 3.1954366129677236, 3.2461890935193307]
28-3-0:[-0.3178556926356677, 2.0899120529398902, 2.934713679096806, 2.2188816863658687]
40-4-0:[-19.578260744397717, -21.74142979337344, -1.728793639949538, -38.83864571605497]
18-6-0:[-167.21638707306317, -173.88761103881822, -154.43472942403693, -169.53153009849777]
32-3-0:[1.9395019979844483, -4.009799831346086, -2.1553432106711345, -0.06888696240895309]
10-8-0:[2.7555962044809057, 2.34613204380896, 4.890874713201922, 3.14472153911892]
36-0-0:[-266.1367238110404, -125.28526964693769, -270.92274947653084, -212.98866175648334]
27-5-0:[1.8924773641418113, 3.0085027126622848, 2.492677797478186, 2.6983552711174577]
5-7-0:[-98.6703085583623, -8.286718911880097, -64.97917037006395, -66.42116961096534]
33-2-0:[1.4550006745923025, 2.4690355537805795, 0.5855798196031794, 1.2850983157069575]
29-1-0:[1.9553217643029763, 1.9592150329845914, 1.9419227063999192, 2.0622700301010353]
41-2-0:[-34.95364874440043, 1.6734390689858423, -59.127588186728666, -43.24877285292297]
39-9-0:[-52.6386869122531, 2.7245296853150522, -82.96041525607869, -42.72413179491165]
11-3-0:[-1.7020221325426954, -19.80871277151593, -58.5463180567658, 1.7529272192310559]
4-5-0:[-50.327756896251074, -16.778709800454536, -121.95124190982604, 2.6731176257896774]
20-1-0:[3.6206902818071685, 3.674795541492619, 2.2620434764751765, 2.224343891745416]
6-5-0:[-153.27912443642654, -108.06911415962493, -47.134243150719406, -92.60021037254238]
6-10-0:[-312.97605535098677, -304.35807125114565, -243.69476543132984, -312.94905860675584]
8-0-0:[4.1751560366348865, 1.418003669308998, 3.103603954901481, 2.599625816173915]
24-8-0:[-49.37895676828381, -143.75086142719485, -201.79046947112298, -91.06903170855766]
38-10-0:[-24.730947645597574, -46.806499129485495, -62.05291799579135, -57.157450083349985]
42-0-0:[-74.92400707518479, -71.73726596314344, -97.2090132565533, -78.52243462741298]
12-1-0:[-164.3770610309111, -198.46905955480275, -202.87983665769823, -199.7425259566112]
7-3-0:[-4.966330883617756, 0.39033554979958446, 2.2177905780914955, 1.487241557576816]
25-6-0:[-18.52874630079887, 3.634676659943967, -3.04037714231532, -3.7190596761908203]
34-0-0:[1.3573607742833178, 1.7214816978686536, 2.0699561500212433, 1.3628454505305156]
41-10-0:[-58.12423018413136, -43.34907875172298, -20.27014125330281, 0.8238103533687161]
3-8-0:[-36.03023136208885, -36.88857657315823, -1.2496750200274618, -43.662430672084334]
27-2-0:[1.9011776109276541, -3.8572218884147977, 2.166641174035407, 1.91472676205648]
7-2-0:[-0.521659019726239, -7.509204206471375, 2.425128544452208, -11.274038069052558]
31-6-0:[2.976167925607073, 0.6185477784616563, 0.15330251072215237, -41.36550438154191]
19-5-0:[-0.001887382827399503, 1.541714221667599, 2.7684092959083992, 2.2309125001259864]
14-0-0:[2.6448508220203015, 3.487558720771009, 3.7245426499744987, 2.9249194512664927]
13-2-0:[1.6466751572380902, -7.867747964365603, -4.619330867725394, -2.4572528399366274]
30-8-0:[-193.2384791936899, -179.8720195082851, -127.13918644447081, -190.90993936518709]
35-1-0:[-2.1408609976101998, 0.846999508072393, 0.9875678954047591, 0.19362831034718458]
26-4-0:[2.610387383481848, 2.6034597698376474, 2.6042582237608247, 2.6171005795189366]
28-0-0:[0.1191488537898576, 2.7347125027086903, 2.7878713923183365, 2.6022870511991627]
11-10-0:[1.6866158028380063, 1.0623958759269125, 2.0855396336141565, 1.7031699295232894]
4-6-0:[-12.840592666418939, -67.9965211384268, -39.053554936601245, 3.6849299099143713]
18-7-0:[-172.75191264320372, -102.28761282245948, -170.30548208080506, -159.68169159914171]
32-4-0:[2.596523836267797, 0.604102230974711, -0.9790848308567098, 0.755666620995437]
40-1-0:[-1.6587227797324107, 1.9805403750375463, -73.92378610159176, -43.728008090237076]
36-10-0:[-230.11481644150967, -228.338755080426, -250.38569886049984, -205.75463586674215]
10-5-0:[-8.389901170051228, -1.5232691766676973, 2.5015809876711255, 4.1790113864978995]
5-6-0:[-25.930057369078007, -1.458348852703553, -34.613562528338015, -60.057507183166514]
25-7-0:[-14.695793543753098, 3.5365402279866673, -8.016299119304346, -7.417497762765967]
33-3-0:[2.8116732448790276, 2.4337416394856786, 1.5800570131972773, -26.882848604082223]
41-1-0:[-40.2886483272928, 1.1359500672949319, -64.04157532141049, -14.486864631218536]
29-0-0:[1.6702431862418778, -0.019921091491629406, 1.6814568884649053, 2.2388133208595207]
39-8-0:[-52.95029201979535, -20.60294721733443, -40.03408626974892, 2.8115351884805997]
17-9-0:[-2.971828749966785, -6.909911309380746, 2.3626764580856587, -5.909072549630615]
6-4-0:[-119.09881342971919, -134.73271198804102, -137.2103588002078, -53.17711735715358]
20-0-0:[4.041334900384451, 3.2977968214504485, 3.9925151615573498, 4.021005762301847]
11-4-0:[0.5237020975008106, -1.9632572391824685, 1.715896085182804, 2.154158200888451]
34-1-0:[1.4820794005221507, -2.4726033527540974, 1.5761256430257666, 1.4689043248463938]
24-9-0:[-170.13664068202604, -235.1065223409027, -243.87980248320255, -319.4308864091212]
18-10-0:[-172.91372992598636, -153.61975900955258, -228.8082609617431, -179.46157129790367]
12-2-0:[-192.90981555604225, -139.16192839170253, -198.46121028842072, -184.64954279942157]
27-3-0:[2.443356155092237, 2.4203420344437134, 2.183222609883906, 1.8105979694413135]
19-6-0:[0.3037575938800585, -3.875897412064716, 3.9038003376887778, -6.07298250836872]
3-9-0:[1.5654806171942945, -13.53962547521071, -6.711903969990367, -92.44512685166102]
7-1-0:[3.0884252962487335, 1.8932093750841106, 2.4374864549982966, -3.4973100339347183]
31-7-0:[-10.933787539077345, -7.728830068070405, -5.7348521761090385, 2.3495282505139614]
13-1-0:[-9.259823891935023, -11.269518169445018, -2.695315391390497, -9.374719525642131]
30-9-0:[-191.3040596786081, -129.684341888541, -216.41985183515717, -200.33187897273046]
35-0-0:[0.930700348094602, 0.9270508731636194, 1.3148549426607248, 0.9213707938817919]
26-5-0:[2.644950894238727, 2.6367812424515336, 3.0044344583991762, 2.890802598089283]
28-1-0:[2.2564790880350833, 2.3418839622942356, 2.2599224627461427, 2.268082205765587]
6-3-0:[-169.54878634202606, -184.59558003017366, -189.4134553304633, -140.17539302025332]
40-2-0:[-4.376052031741319, 2.624247770497362, -26.511518206376405, -76.28852343946978]
18-8-0:[-154.08363992229465, -197.2566367597422, -200.22607286086702, -193.20871640352908]
4-7-0:[-39.798786965682126, 3.4030304611567876, -62.753347665483545, -25.133988526200646]
21-10-0:[3.2844543867901472, 3.2478211111893738, 3.5920513630878768, 2.9187112231370156]
32-5-0:[0.774088049190999, 2.1534848416220767, 2.7539672904486565, -11.807613463430739]
10-6-0:[-32.90946095466975, 3.957698824846849, 2.4512958562728535, 3.1803660386001043]
33-4-0:[2.479044166131881, 2.4184454521572705, 1.8483765984491307, 0.6615632842681237]
11-1-0:[1.8546752809662692, -34.44533802844318, -8.74406656582655, 0.07686041063054048]
41-4-0:[-25.968706157386563, -137.6977753518878, -106.68318071848643, -134.8317429799741]
38-9-0:[0.4637142659226477, 4.351635771963881, -21.022233322272005, -7.745360141881263]
0-8-0:[-123.9130395188345, -80.97746807780342, -141.39377544675438, -134.7357635834474]
17-4-0:[-19.114425662171637, 1.958403400871287, -3.3772710915511066, -12.350699609924627]
24-6-0:[-301.0451183130384, -314.9320581200109, -313.9353106898738, -223.67489330822102]
39-7-0:[1.3576037157034246, -32.64446473026038, -30.126544466006653, -28.51480717378088]
34-2-0:[1.9490135590067643, 1.7028023512261183, 1.6728611107429932, 1.9381459052547727]
42-2-0:[-205.67700292897004, -85.18408519799358, -189.94209672671113, -154.9858369944908]
3-1-0:[2.6058869519765744, -10.268526122397075, -6.375989862538322, -31.458942394296393]
16-6-0:[2.6772072289751137, 2.655961212666773, 2.8466023280477946, 3.5585674556535887]
7-9-0:[2.981795105380594, 4.2607897649252635, -4.9983581800126515, 2.6384008046199012]
31-10-0:[1.6725380426462877, 2.5487360255419276, 1.667737843157868, 1.5379230257101577]
25-4-0:[1.6622189952823092, 0.6612899899300454, 2.4793220733139236, 1.4440449296942846]
31-8-0:[-1.6815738813990513, -6.244747791098877, -1.3006682525812439, 3.471631020807096]
27-0-0:[2.57180728266051, 3.520295438117915, 2.9326545017085737, 2.9079365292565207]
23-9-0:[2.104793975981986, 0.5570624195745809, -5.470243804401518, -15.760760763867138]
18-1-0:[-161.00004396537983, -214.559944780033, -227.31062407391124, -103.14191763777835]
26-2-0:[2.3773453139400713, 3.261986375522963, 2.441971385122954, 2.1922172182308444]
2-3-0:[-48.356620369248965, -1.5262048276410596, -47.85852356768765, -48.871869239593345]
15-8-0:[3.766372029147907, 3.6458888953145996, 3.2368770340320943, 3.7144391275254565]
8-7-0:[4.463933281465559, 3.4491144217646768, 3.9513336084648896, 4.027207183010695]
1-10-0:[-54.526314195732894, -73.24284146225135, -11.875783042622032, -69.73492668494376]
14-10-0:[2.832588079978491, 2.8503406962433866, 3.5545799687475905, 3.194023970017446]
32-6-0:[2.0593776865815525, 2.4704648610080406, 2.893870143566708, 2.941844932812007]
1-5-0:[-15.820381615995043, -39.71210972962999, -13.542116445740673, 4.894929722154098]
9-5-0:[2.3846115943509076, 2.5031797299360496, 1.7330152055865105, 3.8047389672790164]
40-7-0:[-27.39294337599042, -39.27510102032072, 2.630596245445359, -5.991330880615459]
10-3-0:[2.576211145477642, 1.5451626573578654, 1.545920006422618, 2.026564593519204]
33-5-0:[2.628558205704129, 2.0988446728278642, 3.3451237623878507, 2.668725610425942]
38-8-0:[-9.530808006474421, 2.604288037604858, -5.727944950465201, 3.9992906795168706]
0-7-0:[-78.63703187097975, -20.163783931147314, -79.86780017879872, -73.35201811343887]
41-3-0:[-31.062284615123865, -53.40807241245072, -59.525371625306434, -66.63504045171025]
26-10-0:[2.6580868557900907, 2.6377541096941934, 2.641547249801487, 2.6567994680557536]
4-0-0:[2.472585804316309, -55.78287024118515, -5.812247504276714, -94.60913227859496]
24-7-0:[-119.12774577938795, -197.70874268132565, -190.12575067008123, -63.25692095443419]
11-2-0:[-23.24070782900355, 1.747794496293623, -13.59957484305139, -9.551179917799866]
39-6-0:[2.655419515891382, -3.9838315197152743, -6.2765558007172775, -5.758138180273697]
35-10-0:[-0.3788638160785274, -8.02498319787225, -12.930875077959067, -5.207121346379177]
34-3-0:[1.880634357939869, 1.7007579109566346, 1.511080143162835, 1.7589665279626734]
12-0-0:[-291.2530816465498, -234.02273558951137, -187.6021741523246, -234.10159626702773]
42-1-0:[-117.59426229651568, -70.89433404073493, -152.61758596289772, -156.24389103748953]
17-3-0:[-2.356275148077678, 0.994008482885206, -16.240393315102526, 1.91766747269468]
8-10-0:[3.178126318545031, 3.155480281746437, 4.300824728232527, 3.154818223642129]
3-2-0:[-37.05313890854427, -95.6858726047363, -54.24301784298784, -67.50627831326436]
7-8-0:[-2.945395898172207, 5.475467102681394, -0.12348618206760897, -47.80770597354201]
16-5-0:[2.4762944027048563, 2.8794544829343063, 2.4657415838405745, 2.4717510631425217]
25-5-0:[2.751029190996979, -1.1772359391020533, 2.533871025301859, 1.8276734342719023]
27-1-0:[2.0819739845498955, -2.8947468465120005, 2.2540596929133336, 2.0777573547378285]
31-9-0:[-0.8069282502142042, 2.898864136387696, 0.7867505600523419, 0.5710384604014194]
18-2-0:[-304.4070358235832, -121.08922371189935, -348.69469789337694, -302.90306450706237]
2-4-0:[-8.625637425900107, -1.097236676876233, -28.726462316463365, -41.60496318403953]
15-7-0:[3.0615982651372495, 3.0364470677076647, 3.039391345348059, 3.997104932881684]
26-3-0:[2.158284559836921, 2.559436071395749, 2.5499118147583135, 2.1411081002298475]
8-6-0:[0.8159739604393268, 3.735884499514219, -15.194356579362832, 3.705173714672125]
32-7-0:[2.1914025829078385, 2.3480853938641997, 2.6826428069206005, 4.142576917393725]
23-8-0:[-3.0225915796889518, -2.8961419607256405, 0.7128569109711886, -2.552135870439626]
1-6-0:[-68.444337009271, 4.303787894029761, -81.47908699975561, -4.946632312258043]
10-10-0:[2.3431421517105555, 2.3170463222337974, 2.29406915593527, 2.2956208060966]
9-4-0:[1.9863561460811607, 3.1971521918699195, 1.9809036992462927, 2.001349383503104]
19-0-0:[3.4170657735862866, 3.3811083465075247, 2.37345092432241, -11.728585995599447]
14-9-0:[2.8162683727982465, 3.4950771987028864, 1.954287508760582, 3.3628768693581477]
10-4-0:[2.606056634016987, 1.8627967068435407, 1.8725451893771048, 1.8803363139378568]
40-8-0:[-10.162968103672103, -34.49079241910321, 2.2987912710332137, -18.864654526978793]
23-10-0:[-8.394082573088156, 1.136275636793904, 1.4710497495116899, 1.9188456861769287]
38-7-0:[2.9809768207564473, -11.834284366545695, 2.0336938996799105, -12.744881287815158]
33-6-0:[2.3204834729262127, 2.7880162812988623, 2.052937264989044, 2.0431048128221847]
24-4-0:[-104.34450725997621, -125.70042405102221, -164.90506732242386, -51.716472934144214]
4-1-0:[1.583353002920786, -22.80820910650735, -43.72034368743238, -57.42123992247297]
41-6-0:[-9.78143335017317, -16.661283724175092, -6.6928767458243605, -39.17454626928636]
6-9-0:[-140.00000009129877, -297.29842908930164, -258.7504685148858, -166.0564825887599]
17-6-0:[-3.661570766628104, -3.517872609895486, 2.802874472715729, 0.5626653041337396]
39-5-0:[-66.13289365725092, -91.00009860571723, 1.6399196840547912, -84.57576872440403]
37-9-0:[-33.44939687999598, -19.389903173295203, -78.74997885321103, 1.7306861707874481]
34-4-0:[1.3440580179327128, 1.3027065381588234, 2.0687910617269423, 1.3324028417674332]
16-8-0:[3.159887708219648, 2.6545453046319536, 3.232260511586846, -6.797269422739031]
7-7-0:[-2.072498781696296, 4.363572212720197, -4.201910677479235, 1.7247902023676134]
25-2-0:[-6.430709940453517, -9.827206164014301, 2.053522737456617, -6.110914657762178]
42-4-0:[-226.05531770731105, -216.7777096614659, -122.1809344550279, -190.09260899358213]
3-3-0:[1.0950485148901683, 1.591961061700652, 1.8013163972973874, 2.371054156453341]
22-9-0:[3.771251030258483, 1.770559908529428, 2.939010115709737, 2.7205585612083114]
2-5-0:[-53.60529218215309, -25.463080080886186, -61.56392201226887, -47.20279340389853]
8-5-0:[3.5824452996693292, 3.068064790980827, 3.6572095156726663, 3.8197524999650527]
26-0-0:[2.5331978058537623, -1.256775898900663, 2.7587272174451636, 2.400076148577456]
32-8-0:[2.524943992250539, 2.671470335437934, -4.020022978422765, 3.401218590065109]
10-1-0:[2.0352320023163437, 2.34053057016491, 1.9918150793646707, 1.939808936749688]
40-5-0:[-3.2682009469262736, -49.8079855786348, 1.5822195556070429, -37.314828145554195]
4-10-0:[1.0200952497776776, -46.079029802686286, -49.115738757865394, -44.13579293962222]
18-3-0:[-226.50040024002914, -247.88051727119168, -202.54326334552715, -154.2450759509996]
23-7-0:[-14.02200009785073, -5.245752657878413, -2.4012650683449284, -2.7246727435286546]
1-7-0:[-123.8646321686559, 4.051238713863476, -35.618009039040054, -55.23941705209072]
19-1-0:[-5.0210915939158145, 3.192178348674166, -19.78022874766207, -16.941657182147058]
9-3-0:[1.847486176913944, 2.279292413704972, 1.8507170363901844, 1.85295145934772]
39-10-0:[-19.376537266699764, 3.2415299464614424, -37.92768183056192, -38.27957021438357]
38-6-0:[-1.9362391177778653, -58.58342859318096, 2.0932894158137314, 0.42892512232542074]
9-10-0:[2.7778932792156907, 2.8182372211708753, 3.328638740068114, 2.7954025434871057]
11-0-0:[-7.65445449403332, -16.038585639320782, 2.061629106578005, -48.661645368318446]
34-10-0:[1.8374375980087134, 1.849112585147958, -28.12848797708213, 1.6617070416164197]
33-7-0:[2.132489955995553, -16.96939949380308, 3.1080331718184926, 3.47353554704957]
0-9-0:[-103.16432276958037, -91.42477911658291, -82.60386740636334, -133.09244494270104]
1-9-0:[-1.4438488492289252, -57.568575285798566, -50.84313109822006, -113.47814844619188]
17-5-0:[2.5880364563265523, 2.4136561519167867, -1.6545461331028397, -4.909361080541519]
24-5-0:[-54.6646975235117, -213.13985215695766, -177.54739974933707, -155.31288437307848]
6-8-0:[-169.88735864995627, -171.84460389164923, -161.55252686453412, -163.2400941488246]
41-5-0:[-47.251193575406134, -108.65870925086418, -97.3345705122515, -68.68090184751777]
4-2-0:[1.0978970452290857, -0.6687346439926226, -1.716312096493813, -2.623635629739519]
39-4-0:[0.9883739676265872, -37.397921935745686, -1.8082212901857275, -25.93590792182029]
37-8-0:[-49.47681872581223, -44.16629647746632, -60.297155684856, -21.820614796591748]
34-5-0:[1.2808792432710796, -49.37328734039283, 0.963352608503057, -14.811120724042368]
42-3-0:[-206.54136107498738, -166.6647363425704, -216.90187264005567, -209.81434685917077]
16-7-0:[3.2887419702106935, 2.558975953914327, 3.8886913109755836, 3.1760658383834564]
25-3-0:[0.8970198228424806, -0.9966973842824749, 2.7180074706704143, -8.305322677815385]
3-4-0:[-11.196555512408677, -15.304409804827973, -3.4812909043670954, 2.283730103286122]
7-6-0:[2.7133018733102077, 5.11902822616127, 4.188865194013793, 3.9476831080492096]
19-2-0:[2.748148188155664, -2.816879133032709, -10.536482471379845, -10.405629831755316]
22-8-0:[3.2247601694673387, 2.954702403177668, 4.350256375576823, 2.459813021792916]
8-4-0:[2.3534924507479973, 3.093151075379823, 2.39303634229739, 2.3943802425831837]
2-6-0:[-29.90257288072782, 0.3000358345764349, -42.54464693124606, 2.7296066764270948]
26-1-0:[2.136113242211391, 2.660935791110294, 2.5718836779449146, 2.5447991527877996]
15-9-0:[2.960198341839416, 3.0557994248670695, 3.1130414367332664, 2.8914371437270194]
10-2-0:[1.6752973731963738, 1.7227698561373026, 2.3400838247384357, 1.6886628550197127]
32-9-0:[2.6007298723054006, 3.447266685703464, 2.853073364068142, 2.5499940969776764]
18-4-0:[-198.6361277975976, -125.92219388093342, -197.46030926630266, -227.22146264618664]
1-8-0:[-12.175528595045535, 3.298335126207992, -57.67028217720028, -66.88699449683054]
9-2-0:[2.629536233931262, 1.6775571497003843, 1.615591775330382, 1.7904958113877816]
23-6-0:[2.8968913123073254, -6.750334637364815, -6.006600342754279, -6.917753573147282]
40-6-0:[-48.459898843271894, -80.09050635955462, 1.3513943949506282, -34.526475196698584]
38-5-0:[-38.83777125118431, -56.070246541297344, 0.28934517815922123, -6.457859569351982]
0-4-0:[-181.01910241660593, -161.7468326273592, -145.84270812905453, -164.62053674469246]
29-10-0:[1.2283876119116666, 1.460395439881495, 1.7630701843104406, 1.6772209100365543]
33-8-0:[1.8164776099637987, 2.992796873309451, 3.104056731556034, 3.1234912821785104]
16-2-0:[1.6895082566304187, -3.039131422626972, 2.925161695740464, 1.5336411241564651]
0-10-0:[-124.30348987368028, -163.95319572076946, -167.82988464047565, -216.81659071479663]
41-8-0:[-35.04686316167251, -49.043318003265725, -17.628394497611243, -2.449229012548309]
24-2-0:[-228.57490315665575, -266.72082810936143, -245.89690210209957, -55.47833868621378]
39-3-0:[-39.88721083490719, -15.890065688236673, 1.1568278301595265, -36.02953088149384]
37-7-0:[-26.762852264070496, -60.48688272742653, -19.81477887852261, -63.297301071042874]
21-9-0:[3.273380567036989, 4.149143824316379, 3.9038830327632805, 2.3517135109374223]
34-6-0:[2.061651956703371, 2.1320652146573473, 2.009729024440598, 2.5149536475625576]
17-0-0:[1.9513861719750578, -0.9891902904113802, 1.897083987518124, 1.8743244437093005]
15-10-0:[1.1434796591728416, 3.193917835847595, 3.1609077103884813, 2.762785337206636]
25-0-0:[-8.770760094478149, 1.8085371747003558, -2.515148992910739, -10.064343299794828]
42-6-0:[-124.74370031321773, -133.84077249249512, -106.61226346789225, -140.82880392084323]
29-7-0:[-4.2282306642968965, -3.0194591144928853, 2.9799885036313114, -1.1786672340795885]
14-6-0:[3.184658876940622, 3.075134249666367, 4.353086043913219, 3.0787775621643814]
30-10-0:[-163.50725016434527, -151.03032322819934, -129.09360377973584, -151.54039338301644]
22-7-0:[2.4163725971030323, 2.4095650549008325, 3.647571471449124, 2.49014590724001]
36-9-0:[-154.8412190692092, -179.6748173294535, -202.69221482138713, -203.22322959563098]
9-9-0:[2.7757968714263206, 0.6209471740973469, 2.7980408515946817, 2.6715743314839027]
13-8-0:[-3.1751375506314186, 0.8862758569177823, -9.596308150179018, -3.567513222894834]
15-4-0:[2.1937058788863792, 2.183610059023202, 2.1977986054274, 2.22717971855705]
17-10-0:[-2.2567002927011357, -2.593421748993116, 2.0624968991443673, 1.957556265878741]
23-5-0:[1.8986216365703936, -51.843980127840204, 1.4477910009868353, -1.2693332950794858]
5-0-0:[-48.369739842287274, -43.773713199836436, -1.6031642652357008, -82.46731169990905]
1-1-0:[0.02553853322199079, -56.57380886400216, -3.955976113409074, -9.269997001815529]
20-10-0:[3.8960082406123537, 3.54004818713931, 3.8143915812797666, 3.574608035584816]
0-3-0:[-140.20680752014354, -137.40252098390908, -94.50765611390946, -170.68880140434413]
33-9-0:[1.6020850892978395, 0.5573426489764908, 2.8342645961118853, -1.456419879198402]
16-1-0:[2.3101545701883794, 1.8901056959812224, 2.908874019475028, 2.4778652405184034]
41-7-0:[-0.7427030198504917, -54.38051761013984, -0.7272845303024663, -19.781162691158492]
24-3-0:[-123.41647940779251, -160.31272221058646, -126.98887737085235, -45.69017481646973]
39-2-0:[-39.4834888891806, -0.2729397966365108, -18.026859439714773, -4.664638899380466]
37-6-0:[-5.628216153670284, -96.78792471822295, -22.874297251552743, -67.6756355085454]
42-10-0:[-64.32445979433676, -53.38596490494177, -83.17332557020187, -55.07006039718275]
21-8-0:[3.647190662686792, 2.7383389389103407, 5.168270791451161, 4.045049057151926]
34-7-0:[2.3420744970518994, 2.1218114045958716, 2.1597687009542046, 2.1309397229957803]
25-1-0:[-22.54480043704145, 0.8333664916652053, 1.9131238221364804, -4.129602841142292]
42-5-0:[-111.6483941407394, -235.744361009534, -225.5718885682816, -217.8134116137424]
29-6-0:[-4.042072719899137, -7.809833388322373, 2.567549782030217, -2.7780978009116675]
38-4-0:[-0.042509943093054, -49.998987020759856, -21.096971775420563, -33.28725917213211]
2-10-0:[-43.621212659650794, -44.38423040350131, 1.1638141195938199, -106.50321743640936]
19-10-0:[-2.0841977493351234, 3.1831610887487254, -3.0223889182123935, -5.2851213355408975]
14-5-0:[2.7736107160625787, 2.7113102438340864, 3.47111668105066, 3.0625501752838256]
22-6-0:[2.4534836986743707, 3.57532550282527, 1.5363235395663286, -0.21445293701989154]
36-8-0:[-181.4936713267087, -205.43270912326102, -129.9617225861733, -187.21381778763708]
2-0-0:[-25.03705970507701, -84.30681642795759, 2.427606043266158, -27.375754378968537]
13-7-0:[2.6576744340253167, 4.050992095065528, -0.30330173098563273, -2.189911454904246]
15-3-0:[1.775427314097052, -7.705190266375359, 1.7877538387897562, 1.948135209799033]
32-10-0:[2.1366027211226566, 2.6242910992728845, 2.0479289689547358, 2.2210172715979324]
10-0-0:[2.2058239533459036, 2.2117880490698765, 2.897965391731594, 2.0964413708502483]
23-4-0:[-12.109383567239195, -2.539256407719344, -27.774495505124243, 1.9807037472361646]
1-2-0:[-1.9825025387507154, -8.689255133969642, -2.9221195611021176, -19.086360945355395]
9-8-0:[4.388109149113611, 3.669150393667318, 3.0901320124541076, 3.7009775601096693]
20-9-0:[3.2836347553396052, 3.585404137838747, 3.2384989396690846, -0.5006011116637994]
37-10-0:[-56.34662839062438, 2.1077600992502834, -39.890215074488566, -30.962383601818082]
12-9-0:[-221.58902512450862, -185.52855041671137, -160.7563159763513, -222.8502851504951]
16-4-0:[2.25051541437362, 2.264933960452512, 3.117301579055188, 2.2477577637324044]
0-6-0:[-56.41492300686251, -22.09235289938051, -67.63872115325601, -67.23920547656546]
37-5-0:[-7.887175302070812, -96.09229959539337, -4.332456461350744, -18.912494647324962]
24-0-0:[-235.69149273187404, -213.1811827340468, -175.0921937582259, -228.7442886681487]
40-10-0:[-0.6838536487547389, 1.794681904952868, -15.094786850569013, -48.378657465531184]
39-1-0:[-26.89504325596466, -9.485059682121387, -45.608003048369994, -1.365205298918]
21-7-0:[3.104240752590776, 5.282705278065314, 3.5923319501218502, 1.045010283208995]
34-8-0:[1.8913366100676121, 1.8841435710315921, 3.6991798463948147, 2.046412565048594]
17-2-0:[-7.620805414761287, 2.1958736019422944, -12.168530127993893, -4.7718389206209215]
5-10-0:[-3.414627795934355, -12.48464979719254, -9.906768554941776, -7.110655999464078]
29-9-0:[-3.240383870725326, -1.225091082467154, 1.5037099716511122, -11.716313575759461]
42-8-0:[-7.716517254031692, -76.96421655098365, -85.21921696155668, -70.70596718974116]
38-3-0:[-7.973244834281606, -62.40687482742037, -92.57636916889196, -80.95077424467159]
22-5-0:[2.9917710156822594, 2.19152754129288, 2.2000644818808914, 2.1864985736278593]
30-0-0:[-157.28238927311924, -123.66845107149459, -192.22391520392844, -171.64840694117922]
36-7-0:[-128.3218939389691, -130.7456547460027, -78.17186785083805, -98.50202694079117]
28-8-0:[3.3315373056464317, 2.673738293769357, 2.7530755306400008, 2.825854544581338]
2-1-0:[-31.915834806317964, -1.018567009160066, 2.0170447686780117, -35.273474737627254]
15-6-0:[3.414758119731103, 2.3554450891932905, 2.8406659687028473, -0.7366338901419218]
8-9-0:[3.6999284834965094, 3.7582401392307028, 3.7600623851155666, 3.9919461515839885]
7-10-0:[-1.1014444856256576, 3.9659498743740516, -13.731964571398093, 1.3339649416830202]
22-10-0:[2.4377720719749574, 2.4479459945232724, 3.130636775830215, 2.95689947712171]
35-9-0:[0.17487687982358313, -7.62202636400563, 0.9421429293106436, -2.7470142419899664]
23-3-0:[-3.592040794756367, 2.0311038042656873, -4.368010708154608, -10.246000201773777]
1-3-0:[-13.786092635821838, -35.41347900647317, -52.945768258558914, -27.304173308055667]
14-8-0:[3.030073857954301, 3.6536257777405505, 3.002146526756396, 3.6643672832963023]
9-7-0:[3.7315377929171865, 4.33851366395837, 3.701169637591991, 3.6952013844495566]
40-9-0:[-22.89297865988572, 2.3619638681097888, -33.310032607278984, -42.5127389328795]
20-8-0:[3.8790571419401254, 3.1685729094946344, -2.460082503710061, -6.811448213326462]
0-5-0:[-80.00768240249592, -79.57039449143893, -79.94248611836332, -45.7015928433267]
16-3-0:[1.8958115406540448, 2.1464554201420114, 2.6150798184950035, 1.5289971980338923]
34-9-0:[-11.802701512412947, 1.8191527680753463, 2.024053001265752, -0.20970865112109838]
37-4-0:[-16.25444874756819, -41.55327258089051, -42.88210074843134, -80.27643006282169]
24-1-0:[-271.9001915112061, -263.28126974417836, -156.5953347629636, -284.6029839866924]
41-9-0:[-49.849983016134765, -5.28758646779957, -10.955459695142505, -10.559867699791306]
21-6-0:[2.947796153317399, 4.02548510859314, 0.6975849426186349, 0.7608896609193894]
39-0-0:[-80.84844049974123, -49.18943944810804, -50.91517314726168, -24.229232319900515]
17-1-0:[-9.026060030367413, 1.877420750381945, -0.8579804110833207, 1.4839588326807205]
3-0-0:[2.430648854833136, -21.158745489069045, -29.28223682536838, -55.650964113307]
12-10-0:[-157.7233289879728, -221.95552310158303, -223.68456744661347, -231.0086863832664]
42-7-0:[-3.8499202291885037, -88.0620233703138, -60.51028401313691, -39.04128603519973]
38-2-0:[-127.20329006761756, -4.461554123972444, -172.43835796552509, -80.3462117136148]
29-8-0:[-8.333549857192851, -9.278811469407106, 2.4083595591751674, -5.127866064337377]
22-4-0:[2.2426103764296665, 2.1248031604775086, 2.283941644752907, 2.1286360451426973]
30-1-0:[-239.96718481519167, -221.88105578159417, -203.09862373762707, -185.77918141964471]
27-10-0:[2.506087427071996, 3.184662814889105, 3.21134361348427, 2.917916724832497]
28-9-0:[2.633727536243089, 2.748310656394989, 2.631716826249242, 2.634360880450816]
18-0-0:[-187.30789429226354, -171.02077324336702, -190.3412875951475, -195.96551417933193]
8-8-0:[4.270962589374934, 3.4161106870854443, 4.877542135512664, 4.215132664068126]
2-2-0:[-48.644490553767724, -49.478349564695435, -31.895884346195725, -82.58503340094931]
13-9-0:[-1.5529327731160587, -1.989725137329252, -4.2395720934461885, 2.9265352773894717]
15-5-0:[2.6391851836047096, -0.35743953147995544, 2.625875101272375, 2.720406308171246]
35-8-0:[-0.18821438043245983, -3.5400318010564766, -6.588616434615717, -10.589892291381418]
36-6-0:[-169.81498229324416, -203.31087979564737, -129.55404474667503, -194.48214167681587]
1-4-0:[-54.26707577867572, -20.66879112855583, -13.251448757759123, -46.72617405318286]
9-6-0:[1.6325637758531513, 3.974857016148101, -36.334556403312604, 2.5260323296215788]
14-7-0:[-4.789853541513031, -0.2342271490520964, 3.9978838060453885, -5.011053476028899]
23-2-0:[-1.6383074821929866, 2.113421812851227, -10.817218614250407, 1.3877776379721203]
