,-1.153876784830188,0.0,0.0,0.0
3*5-1,-652.7484434035756,-35.344889226668315,-321.9311538925487,-40.51077872118045
3*5-2,-417.38623798171693,-39.86105629134611,-71.70787372343376,-22.943463087781492
3*5-0,-355.08413174532404,-34.193570005801995,-145.46722806866134,-94.79492725256833
3*5-5,-188.8855188132332,-183.04664759119203,-27.091083943536063,-116.23145985084976
3*5-6,-160.9779503318031,-45.687149077123486,-32.09343303216144,-138.4468386726063
3*5-3,-113.79361959458228,-22.56802083101165,-35.602449397028266,-132.45725430622147
3*5-4,-257.3457327575956,-133.67076503099057,-28.405236975017075,-77.57526771030332
3*5-9,-35.42126302899576,-163.525324379442,-64.64254762848223,-281.54736493545255
3*5-7,-39.56103300542412,-175.65821722704425,-86.12955351364253,-536.157355568392
3*5-8,-123.10944768335447,-451.8167414194605,-31.434228312233202,-497.75907450562875
4*3-0,-30.07717741716642,-29.19090884429636,-32.99044773742041,-15.810758218803656
4*3-1,-25.073439142171527,-31.496198762808692,-88.39735007904935,-29.08349132217097
4*3-2,-29.73480186476585,-32.51940234043146,-32.38871607606711,-32.18533994324765
4*3-3,-28.229278889799012,-26.759633151235278,-176.47633433340582,-27.496600028949445
4*3-4,-31.950926724105873,-30.984813715067055,-89.10948704436166,-30.52291531124764
4*3-5,-233.53336738072184,-27.73101286619169,-26.51795798857058,-24.939764407970063
5*1-9,-39.200140019901504,-39.788661481913685,-66.39272822243615,-247.9093491399868
4*3-6,-146.76196254195358,-27.874494974609558,-28.063171309809228,-21.81186062512773
4*3-7,-29.20799810961934,-22.568628545519946,-27.91973908691222,-27.929747913602966
4*3-8,-23.61839497335847,-28.504104384354406,-27.943286044881287,-25.96877837184899
5*1-7,-161.64408039556398,-42.81746441165685,-56.638669557735675,-35.92384992605145
4*3-9,-28.88620223486686,-33.585460437902654,-34.32375538593394,-49.09500860339505
5*1-8,-76.78327099060853,-33.995545411968614,-199.57558560658237,-63.45941253985123
5*1-5,-158.21914755339319,-27.53768386005473,-327.78905413873156,-167.97487598006938
5*1-6,-287.08319960878293,-42.7510122199306,-114.50159322960697,-181.33991374348173
5*1-3,-99.61946583609796,-45.65584634419093,-497.325781378848,-32.31694292285061
5*1-4,-89.9791661976515,-154.52736308849603,-332.5784211055317,-29.29382392048408
5*1-1,-37.30049361400425,-60.39108740841496,-445.4961707630979,-31.258661780234945
5*1-2,-209.48642995327123,-50.82203510500097,-355.67792716402045,-34.35377809297749
5*0-16,-82.95204966734934,-380.6974871009638,-80.45183218416517,-463.2284859216866
5*1-0,-93.54646463642895,-203.24365126157664,-385.07564761774114,-219.388980470551
5*0-15,-55.15817953921639,-231.8720473883532,-57.856772849186555,-842.8922898872036
5*0-14,-321.6990495967075,-850.4352470435148,-98.15865679304457,-325.53827663413733
5*0-13,-269.0990311704416,-566.8919986833982,-82.9612973761287,-370.14022137144497
5*0-12,-324.2609021892431,-396.1905123722174,-81.07421450575792,-268.4844673698129
5*0-11,-526.1699128745702,-385.55793164313303,-146.1882427083202,-729.4976251688502
5*0-10,-532.1930898573418,-494.16293381864836,-407.7400480400123,-656.9319693392732
5*0-17,-141.10236744433897,-513.8846384119238,-238.74453123696472,-499.429927621634
3*4-10,-28.356084628829727,-28.350826330310333,-30.10282322454899,-28.153915765838782
4*4-0,-30.580618725376148,-30.449776789225986,-30.839590386249025,-22.97824662324807
4*4-1,-126.62607598999686,-23.76805484652969,-32.39381648157867,-32.44146686394196
4*4-2,-137.28461848233198,-58.96992083053886,-147.56841435193402,-32.559618101685665
4*4-3,-30.981904647172584,-161.45408549488346,-31.2120970323938,-25.302211117260782
4*4-4,-30.55937408674019,-23.009873424413176,-133.83359782810103,-30.58127440626895
4*4-5,-31.32013897053136,-31.022131740595835,-31.27563987479667,-23.972385222661124
5*2-8,-328.5510083687571,-26.208962776050328,-42.11608661165047,-67.92550258785776
4*4-6,-30.348780578765602,-24.54749210527331,-31.540555608404496,-142.4353530675762
5*2-9,-166.15932923109682,-163.25980364757945,-51.82343800998339,-491.69786283088894
4*4-7,-27.869299592747982,-34.731841120385425,-36.0655137328591,-122.03272389641697
5*2-6,-423.2622531827292,-34.7106501895664,-200.23036020106863,-26.895485946071044
3*4-17,-33.95117184040964,-32.52148460283293,-182.21498209214107,-26.946780592424975
4*4-8,-33.75100130228599,-34.20591829491848,-32.92763452008743,-36.3529543175311
5*2-7,-259.8851206811702,-36.289670353427375,-40.96483795148156,-27.58245700873949
4*4-9,-33.197809318148515,-35.19427545925455,-27.426442405574218,-34.98183321921162
3*4-16,-30.0514850654435,-28.58659623890117,-29.94272690657449,-30.680005478702082
5*2-4,-617.7620692510893,-185.2282528868089,-647.5064596186003,-52.98692815565954
3*4-15,-12.582899611139643,-28.94840660123784,-120.74760657461674,-27.386469462722378
5*2-5,-180.89559176334222,-149.50887550354005,-346.29395085837615,-39.59348575350422
3*4-14,-24.530516134787828,-30.961805528050053,-28.19452134657518,-16.20194476438876
5*2-2,-242.1952108911919,-33.91296026706141,-293.16575333912505,-29.653478237477863
3*4-13,-26.250166838764358,-31.32545377468512,-32.320776022756725,-29.33143361772574
5*2-3,-386.82078162642983,-31.532136893163162,-489.4119190668309,-63.609067724310286
3*4-12,-28.692957277368453,-29.7167957546074,-28.395937801856725,-23.930347787903337
5*2-0,-65.70678048192396,-47.47654154966481,-81.03625487530998,-30.62496540459417
3*4-11,-32.33251353570299,-28.67249235513191,-30.746615593726467,-30.867849921628334
5*2-1,-65.58720678662625,-38.759784260347885,-62.2359885405874,-115.79696837155463
2*2-17,-26.44743852929585,-30.38914922015005,-29.316847638785937,-21.174391892546208
2*2-16,-28.342093123365622,-28.780805909476822,-21.654545039618856,-27.54761631957868
2*2-11,-30.612745873913706,-28.84178384675617,-20.195923008604048,-28.120538750565863
2*2-10,-30.608658445429246,-28.742983347958035,-25.906038776917466,-27.778066954421856
2*2-13,-29.24343828475744,-27.323484838709355,-29.734689627858597,-23.06089085235088
2*2-12,-32.056830265499805,-19.38160589181505,-31.395315118050355,-31.924033611186054
2*2-15,-30.19388979419172,-29.333799201870107,-24.81639824598163,-27.828651768749843
2*2-14,-27.767591256702808,-29.323199316272383,-28.679485344087915,-28.54770664845978
1*0-12,-202.7905071310314,-36.410781960976934,-48.493609908187516,-30.375762557808258
1*0-11,-397.9187795961501,-33.25118460949731,-327.58845030375437,-54.557487798468735
1*0-10,-355.89071512227565,-29.946092305307296,-173.86654012031903,-62.78385080861022
1*0-16,-50.10791172539627,-397.33305264976343,-31.095305271030966,-744.9721563073155
1*0-15,-155.76852914951175,-184.55068675504708,-22.52592986933719,-169.09818172359365
1*0-14,-58.03369028490489,-42.98627829867414,-26.136355281873655,-312.4183812363737
1*0-13,-269.19917729706674,-35.21416240577381,-31.75841608370077,-48.87331546054135
1*0-17,-28.198992578868786,-123.40511838472091,-152.3909007123922,-431.71092247712414
4*5-0,-642.2846009321429,-198.95314019705987,-230.51697005604,-46.7524841926991
4*5-1,-412.7549786034775,-42.013888880325,-320.6184831456734,-37.00886050633588
4*5-2,-378.8764922379548,-57.00464463259325,-33.26312688439303,-27.2031342800059
5*3-9,-86.70268483133285,-122.70474166570757,-36.47844947007753,-229.1136176903844
4*5-3,-39.220597859441,-30.10645440819795,-38.91927942908891,-53.45571648941793
5*3-7,-293.05976327108056,-32.66551023069516,-169.628467216307,-32.48637904007081
4*5-4,-32.06279737034169,-32.56772852885608,-45.878304075582065,-382.73992246965634
4*5-5,-82.68847427886499,-124.41185918311847,-46.96881963758997,-109.43968087986612
5*3-8,-48.120176761523496,-41.586307071526456,-71.63561266983558,-38.40015681575553
5*3-5,-1065.7078255869205,-37.829875084179996,-424.18281376190805,-36.41137049164306
4*5-6,-44.58946621258035,-122.66322057832062,-41.1903646978555,-426.92634788042017
5*3-6,-327.66522187001334,-43.08317324552748,-182.44446870030154,-31.368431398901105
4*5-7,-183.41524368907554,-108.9172866272487,-41.1219967459658,-521.1056610265947
5*3-3,-127.2456783492331,-177.6967503047313,-470.28839251818124,-31.62911876706113
4*5-8,-40.76574035015176,-314.8776554054838,-123.01183703679604,-650.0605305494514
5*3-4,-420.85386799627514,-31.206290603850338,-206.69249732170306,-37.60720084112025
4*5-9,-263.96558902273455,-774.7888421685936,-86.47858739668776,-650.7723759689744
5*3-1,-71.5443143323695,-39.494874683300765,-392.12419243313445,-29.158713273632888
5*3-2,-139.9139238118807,-29.423101436356585,-263.5241034382886,-32.55657184802204
5*3-0,-43.163212245880615,-191.99638997634992,-213.83824237128502,-121.53799486453889
2*0-14,-26.06696773972752,-27.197267708184242,-27.390274510060294,-261.38765977291865
2*0-15,-31.542984784947937,-33.747874725831004,-37.16193543818473,-255.8738531176721
2*0-16,-176.95953372163606,-460.1545660536515,-117.82743498867836,-360.09314622840236
2*0-17,-31.069864316262098,-823.4327811069202,-33.995057735605755,-494.6651629615442
2*0-10,-168.9873772755199,-74.7831146187305,-136.43860888894497,-28.360398636143422
2*0-11,-97.06048767170805,-32.91275490432871,-63.455735929872745,-31.939504848310925
2*0-12,-389.2548103587304,-31.078178987129867,-153.15189911634522,-218.6597366676332
2*0-13,-64.59483721055558,-31.306659372053527,-22.95516463797508,-276.81074147805987
2*1-16,-29.10151061332502,-29.58479717545128,-29.56865346242098,-27.829930837205634
2*1-15,-27.210203162648718,-21.42943209749025,-26.63832721538573,-136.78174452868538
2*1-17,-30.03015333434501,-100.48868900407811,-28.171130202785537,-140.26671893173616
2*1-10,-30.80048157304527,-26.568233581361053,-26.008147052452916,-26.752770721131927
2*1-12,-29.742383211425345,-31.206995328544227,-104.76088686444128,-28.042600902331166
2*1-11,-124.96089496960394,-32.690706825910375,-29.886390786663902,-30.648580729355256
2*1-14,-26.37497292397873,-25.555426296964196,-21.045081971105773,-26.831586295749897
2*1-13,-27.012530041014287,-27.531189348842457,-20.497640700964347,-28.82463715424363
1*1-10,-161.66715987846004,-30.365990518872337,-43.05145630912396,-31.3537210779228
1*1-11,-33.2240570557458,-29.796822900583557,-138.11539768628109,-27.631381622494224
1*1-12,-83.7772664842743,-31.028197895929765,-60.32674892630215,-29.410794317457263
1*1-13,-29.2448776549724,-29.095476517059577,-115.83731802348487,-27.451757152872236
5*4-8,-140.00291889271938,-41.006640314089225,-161.16303826917763,-311.1241087642255
5*4-9,-259.969415145735,-127.27777525047568,-35.01464760040946,-263.8921015764528
5*4-6,-121.15828119196213,-40.08769200859523,-48.26311453528358,-37.7010791663761
5*4-7,-103.03839751731742,-37.54255730331398,-269.25005658425187,-69.15314188479792
5*4-4,-620.1897748003307,-33.5601770998967,-351.6473257621824,-151.91694959967973
5*4-5,-511.2427981901817,-165.32499932601604,-311.520978378043,-52.41590654757068
5*4-2,-160.40051237694468,-32.348356143655415,-335.021905367293,-37.85128864711677
5*4-3,-162.49185140863045,-29.705808054130802,-449.6841117475067,-40.928087789525804
5*4-0,-58.343156303607806,-44.27560811852429,-232.86098887123885,-37.606652103350214
1*1-14,-25.28743933684479,-23.32596762329061,-16.5129368292276,-24.770644417932697
5*4-1,-86.38080785658376,-44.30559963764078,-265.5900650240771,-34.86225547571694
1*1-15,-153.82422195669903,-15.96163486377753,-24.67133333850523,-113.89175148437064
1*1-16,-25.32759999406676,-20.836594110403663,-24.270186241885536,-157.71590989379465
1*1-17,-23.11592444760179,-27.708437059580863,-25.751331262687042,-27.85330221308082
3*5-11,-35.36834102367555,-569.4027049131707,-50.8688694848255,-41.07986044241331
3*5-10,-35.899396364083564,-138.29610522341991,-33.91362935504793,-250.1308382324066
3*5-17,-192.53107021468006,-99.75300083275889,-437.05847060880865,-32.5494995682997
3*5-16,-280.2953621577746,-41.32294094153628,-563.7139327626525,-179.06437245958563
3*5-15,-116.48509146910425,-36.560696018519636,-660.245828013261,-36.59330325487811
3*5-14,-69.43595775587251,-47.94555355027339,-431.03726922575953,-32.69652839334176
3*5-13,-32.79534952287056,-39.70582237022977,-59.456539785933494,-149.46036407050522
3*5-12,-33.98813125118126,-230.0920751091173,-36.430513416803684,-57.93160204006382
3*1-5,-30.371274532503495,-28.974000279675717,-30.37085055419142,-31.668502972289836
3*1-6,-26.259115654731282,-24.777148489522173,-60.16467967401964,-21.387323987567846
3*1-3,-29.099044896857304,-27.11643418667259,-29.24783631249687,-30.75558609331609
3*1-4,-31.68000579658033,-31.5902580713422,-33.00074896311304,-30.245727271376023
3*1-9,-29.439221941632095,-29.234698274271473,-80.2515857043328,-25.43654461193466
3*1-7,-16.408892017400795,-25.964370685897954,-46.99064310800354,-23.293985560618403
3*1-8,-37.82626662880486,-30.4716571949465,-101.37735305150116,-27.4814333257071
4*5-10,-82.05929755041915,-264.82721854623543,-179.64493815705134,-236.76312314151323
4*5-11,-37.984540229912895,-459.21297159347273,-74.90907692132278,-53.78236280395303
2*3-0,-18.76398782500377,-25.234573693338398,-25.58570407427103,-24.937417446184146
4*5-12,-39.46150020316773,-245.37831685442825,-207.68085685899624,-176.31160867425788
2*3-1,-33.10385151219903,-29.139220710910845,-32.45137942523887,-32.67455638505113
4*5-17,-347.9910255674771,-33.01039828291383,-259.0824444810181,-73.81508433336239
4*5-13,-52.55050358666904,-410.01611029371213,-410.633291701487,-159.89963563230688
4*5-14,-50.860264076079574,-190.01039628124798,-278.2734415584747,-47.06045574725621
3*2-17,-30.772881403449805,-30.013300334580933,-29.486189478680867,-30.324273433948914
4*5-15,-57.710620139409905,-99.30802091465075,-343.06422184898156,-32.234628342704355
4*5-16,-387.0248845974118,-148.25976384767765,-191.721039222401,-32.80024211454501
3*2-15,-26.309785313503635,-26.0774019424415,-23.909245413596675,-26.494357849180055
1*5-0,-566.7446301084219,-117.30356871036635,-262.7907225630365,-53.90583357299954
3*2-16,-29.098522796855487,-28.131187846028666,-28.902509746399954,-27.935471214897127
3*2-13,-32.45152588753559,-26.89965455155026,-32.156734216172936,-32.07054527520182
3*2-14,-29.864256309265492,-31.315319572794515,-30.62060180191378,-31.985784892846485
3*2-11,-18.6069998955733,-29.462505406843466,-29.27793950017358,-124.96419905828445
3*2-12,-30.371072742303813,-27.990299952198107,-29.46700089040605,-29.1775823766913
3*2-10,-26.59075066573726,-28.7748924116265,-25.0765297559375,-17.79348437983513
1*5-7,-53.7177723300936,-463.1382029337851,-140.14798118320303,-521.4412833072242
1*5-8,-123.56756419089562,-403.20980990765486,-36.70696939430575,-655.9814139941611
1*5-5,-110.05688544384527,-185.63602525930463,-36.427622528218556,-89.35594198296315
1*5-6,-36.71451334182695,-109.05664449023404,-164.70069422901304,-343.7357811285319
1*5-3,-250.6735613306855,-150.030745833116,-29.444077024226253,-162.09943993109675
1*5-4,-37.23498213949164,-135.83177775165314,-32.93597876585336,-122.32981829213968
1*5-1,-433.7824053266568,-47.238053132518246,-218.9544613335785,-174.46435225529882
1*5-2,-305.568581801945,-149.26643518437868,-142.2996196414916,-56.94189744150701
1*5-9,-32.13909318715822,-240.91213166375414,-116.37930050744656,-307.06662468715245
2*3-6,-32.57089490526222,-16.529861205408373,-26.725107414489294,-31.362113893591868
1*2-11,-27.39763061570205,-34.55007375903988,-82.95368898547463,-36.296828805087394
2*3-7,-32.6160013407421,-26.333980595478426,-32.15100066166021,-31.80051516950547
1*2-12,-33.49619042379089,-33.99249982851708,-62.25780850005293,-31.981485283099968
1*2-13,-33.14188360933123,-82.68267529459466,-33.154909451995906,-80.09221147988488
2*3-8,-31.378797717938518,-30.174955437060472,-30.02009624376608,-36.074567904256824
2*3-9,-30.536196216149726,-29.211908213291963,-28.236496486597375,-28.769409983837328
1*2-14,-51.53400971674673,-31.78414378095869,-31.393300211419444,-27.975886973031884
2*3-2,-29.844214886773155,-31.988987632207763,-30.240673072097835,-30.09428042651686
2*3-3,-28.587983809148852,-28.606231463243816,-30.396871767881333,-22.932285392630366
2*3-4,-28.350071541330532,-28.445100620675078,-19.25394053874627,-27.348957877281542
1*2-10,-29.633085458465132,-28.539211235126004,-27.26857173701319,-29.842363984442745
2*3-5,-32.116444482895524,-27.003205586862087,-25.377302179847426,-33.46790664426586
3*1-1,-24.04361362129738,-153.1906147894923,-28.014848581289545,-25.1372192396506
1*2-15,-197.10381285754866,-31.115606671472484,-32.75736495423829,-29.62178022140176
3*1-2,-22.22051898614927,-167.6429446753373,-27.191452117083095,-26.850962378348957
1*2-16,-28.29325812701144,-29.38209409493935,-27.970340807606938,-26.352212868569904
1*2-17,-28.035406568816985,-26.33599915345914,-22.570722464789718,-27.48216765014679
3*1-0,-30.035059152673,-29.46618193451642,-25.395405464974534,-29.95640554218217
3*2-4,-31.00808932492131,-23.645670035655954,-30.63105067440847,-29.685605634025958
3*2-5,-31.429493823893356,-29.759236340205494,-22.181490685243435,-30.17323710920656
3*2-2,-23.953685139308746,-25.612016393344927,-13.874333670780125,-26.84904348690157
3*2-3,-26.304755421076507,-15.170899753965022,-26.73205877796968,-138.7508297136551
3*2-8,-28.832582844627872,-27.03336674231021,-20.450621531273285,-26.612057566168286
3*2-9,-28.419768014833807,-28.345559999499514,-27.79691536400607,-22.739430714980518
3*2-6,-18.84921384398015,-25.966884644801528,-25.176095348681955,-24.647482796881178
3*2-7,-32.21297335163705,-28.972191338682574,-31.11261801058941,-31.23377469665899
2*4-0,-60.939609555962015,-30.47278432239281,-30.95511132947887,-26.188784122498703
4*0-3,-46.27007640816537,-181.52759555947168,-148.49055344170802,-58.89805686731593
4*0-4,-216.94444083601172,-186.87764335723324,-237.39324985804046,-168.7906799272961
4*0-5,-41.77081045251333,-50.803310221780855,-114.57406799189846,-36.52898443722045
4*0-6,-92.10208670710196,-38.11787615563483,-274.9218957251509,-40.917670521059094
4*0-7,-309.62247460650264,-58.46419286859253,-635.9457639928855,-173.59633396681045
4*0-8,-446.24877593717105,-112.10194053989757,-420.9952297829799,-39.51731306899698
4*0-9,-438.67041115850066,-30.755235319565806,-180.3835141641559,-40.20166471118629
5*2-11,-31.53323644987038,-202.3365985302161,-52.97134343958583,-651.2013413741729
5*2-12,-37.228183085519284,-295.9051426378751,-115.36249866073325,-647.2002189528755
5*2-13,-40.98396365350976,-595.3503681985549,-45.395202212722914,-304.0524786810917
5*2-14,-105.73910738991556,-483.258738054511,-29.18482556021055,-501.8601971419868
5*2-15,-30.818963716283445,-200.0580769489051,-103.77370880756979,-377.2933004542899
4*0-0,-29.676991945778763,-303.8054564526572,-65.0428081013461,-255.87295353433538
5*2-16,-37.29659444159393,-232.49838680329424,-126.06052894586533,-65.86793460755743
4*0-1,-71.31789283390825,-496.54206678508245,-195.57667600325618,-454.52044706869196
5*2-17,-34.84137866600039,-176.9282075531865,-235.71569124900418,-57.31762744923838
4*0-2,-60.54839706780507,-359.71215506309005,-149.63416266846738,-129.4794081903924
2*4-5,-32.628815563651614,-29.412150046437855,-30.083581507629585,-32.32385158493681
2*4-6,-28.759604584256525,-26.646672107274302,-27.419242996037063,-30.84542322843155
2*4-7,-31.991979787849033,-33.93813372606877,-33.09672507464079,-156.6746808564127
2*4-8,-34.18430249064104,-33.05877032869868,-34.17277018300069,-112.14244651553781
2*4-1,-49.86175162929823,-30.83624645447976,-33.126477244164555,-28.8524862450328
3*1-17,-29.06236773849012,-136.84096792470103,-34.416072316684385,-129.79826818567244
3*1-16,-30.328762816718463,-29.486486644166252,-27.055894034774713,-196.69078327026006
2*4-2,-74.87887153981389,-31.352135656083913,-26.98719653547853,-149.0137606716841
2*4-3,-24.68688550725043,-29.776744823576927,-28.757780879849786,-29.844965013521346
2*4-4,-31.81571605886158,-31.488466106857963,-32.40630035773422,-30.47875506899108
5*2-10,-37.554211376460145,-74.82123513826856,-28.270208801178704,-298.4664390196031
3*1-13,-26.80077127008383,-14.724830699193209,-27.3400267677691,-27.575524154450072
3*1-12,-26.640196740905285,-23.739593497174937,-16.45394352422591,-24.6872578207242
3*1-15,-30.445911624507616,-30.104859119851785,-30.811905191616756,-30.778818139986186
3*1-14,-26.80390015681794,-25.709524542882576,-27.054304544379296,-29.101144997165793
2*4-9,-38.03164163493133,-113.02711983622,-33.78512572221895,-87.64085086681055
3*2-0,-28.027315562877945,-28.21878597681345,-27.575614884637456,-28.15140514736595
3*2-1,-27.674267740061598,-28.203434771283572,-29.341053638924027,-24.91533633869298
3*1-11,-137.0701245914544,-25.059659599068038,-24.053315558953265,-25.34289289694496
3*1-10,-25.569031484590187,-24.582777333733173,-26.95069766959242,-26.027321452422296
5*1-17,-54.82619133096335,-212.5136907403141,-217.90310417867767,-192.0432467803905
3*3-3,-26.508266316831662,-26.57138121367385,-23.545182378503892,-27.046051450293163
3*3-4,-29.968685427702454,-88.64938480385283,-30.249543786992938,-30.17385880616365
5*1-16,-31.056408625634827,-460.18667770278125,-100.9058071006602,-197.29855302323602
3*3-1,-29.470564736739007,-31.98862632280245,-32.749839478217126,-31.389820684949868
5*1-15,-169.50565371298808,-673.5869024630653,-34.91821182984433,-386.9324810782664
3*3-2,-25.673308536830564,-30.09462324687957,-30.335787101018575,-30.38414386960389
5*1-14,-185.17449353487268,-531.9583621155994,-92.3047975292724,-309.4504709409024
5*1-13,-245.2408466172481,-486.09016257649165,-63.358986457386784,-530.2208547445751
3*3-7,-31.516380806597148,-29.84536950444897,-26.2444670810495,-30.433808005512837
5*1-12,-47.53493160164854,-446.8599226954049,-127.13329469495152,-310.910078020766
3*3-8,-24.1397983953976,-33.591139381504476,-34.29793270179216,-34.661871810988366
3*3-5,-27.942168477621596,-29.926471008021547,-27.80628563556069,-29.053295809065723
5*1-11,-166.69729062109246,-280.5200920076576,-46.68774165679187,-257.4563956131424
3*3-6,-30.10280812655149,-31.450397982018657,-25.221135623480766,-31.027962347681115
5*1-10,-176.18848177682332,-133.6857779272942,-67.59442010070791,-425.84867548685367
3*3-9,-32.28572746128308,-31.610298240443036,-30.568954447241754,-31.834978136017362
1*3-13,-87.13673236459462,-33.614563769078,-33.893207603368595,-30.91028159587252
4*1-2,-30.669158021426654,-120.77191375938904,-25.345034134492344,-28.85820040838054
1*3-12,-37.40343209501923,-51.3968186226946,-119.99876807371935,-29.170661664760544
4*1-3,-25.81528595456417,-29.231394964224002,-165.49560988174744,-29.331652411564697
1*3-15,-27.67018379345385,-28.140459509827878,-27.84746162789772,-24.13987978147987
4*1-4,-33.919811953217064,-27.346764040135806,-36.65435479945044,-22.559643824590655
0*0-16,-407.8865642073036,-250.39774857279866,-38.82022794079501,-737.2668626107147
1*3-14,-163.9592937817943,-34.06212454430741,-37.20986821691782,-28.491017435422748
0*0-17,-360.0666633227538,-424.51175483463294,-51.07474684639546,-432.2188609253105
4*1-5,-56.000855017597345,-23.748571113514267,-29.227073805992468,-28.118099909432804
4*1-6,-117.914564664421,-29.34318437447814,-31.536111999353174,-25.04371975744215
0*0-14,-499.69694836781883,-168.74846168756977,-656.706590779934,-395.85537260005543
4*1-7,-68.47427050949155,-29.498516934357013,-31.23654312097125,-20.93625349019161
0*0-15,-391.01210405061767,-223.54861665005694,-393.42770895504117,-351.1064234452824
4*1-8,-22.08124952687457,-31.470517249772485,-117.86001837038307,-30.497731468656895
1*3-11,-33.55657014133384,-32.89409478935372,-48.21354280363836,-34.53826676501905
0*0-12,-200.92782723741175,-60.84842989415033,-414.35245270456073,-170.1481153786866
1*3-10,-28.199450468083725,-30.456189815970145,-31.79218152890358,-30.161653901592775
4*1-9,-29.80268860368052,-28.770191829703112,-29.67645562129661,-28.022723549733474
0*0-13,-482.76285564372995,-33.99165623735036,-107.05744329955725,-118.84543466167348
0*0-10,-351.9089098155683,-184.0780590254013,-822.6085202914437,-90.03308896829108
0*0-11,-735.8752197357184,-159.12592588617272,-662.5475105150626,-55.365344252747775
1*3-17,-22.629044788737705,-25.243705115848986,-26.73833016602281,-24.1408201960849
1*3-16,-106.88925630036277,-26.17998983721538,-26.266874760882843,-27.860423778548977
4*1-0,-23.27278255710971,-28.932177946802923,-27.925148740772723,-28.428095090661063
4*1-1,-24.438552329780734,-28.6405794492347,-27.628536532697733,-28.05875046247159
2*5-4,-68.0179601890737,-31.273327169987844,-48.35110519569345,-144.0306098327436
2*5-5,-42.36789041411502,-93.84462260715163,-37.228804493515305,-303.2905853166835
2*5-6,-37.89886804629699,-56.80522486497106,-36.87454653782186,-253.98628170346686
2*5-7,-34.20056660838838,-639.6047595275994,-228.39902084435985,-452.1425624495084
2*5-0,-283.8238151541071,-94.57301574967023,-514.9445181027477,-239.26781957369133
2*5-1,-336.64738506946026,-60.99181739688745,-256.6199755470705,-27.480105036865176
2*5-2,-174.45955890441678,-35.88724431090473,-169.76050003184235,-66.45515222718866
2*5-3,-56.575609913141,-27.413257760381327,-106.53477171349192,-44.227551242893455
3*3-16,-29.841403161082994,-29.715766528317662,-29.094497917255133,-27.61469882677597
3*3-17,-26.32528797267929,-28.8653818345821,-28.39993304644082,-29.70554970938758
3*3-14,-27.276834485098203,-24.991547601986724,-25.36190726855742,-25.884039614879114
3*3-15,-26.763430479417117,-21.74419531881521,-26.34592175037521,-26.2575656852989
2*5-8,-40.08189592008797,-170.9895921135574,-298.8872713732651,-507.0769381167109
3*3-12,-21.566274863153748,-29.985599962984473,-29.669965528031977,-28.3972572421089
3*3-0,-29.190484854661513,-31.357018476608182,-27.50506848999467,-30.34369459625114
3*3-13,-31.253286293877057,-31.2467010798921,-30.611866262580605,-28.951037981012156
2*5-9,-155.57088077280127,-187.09806872945452,-46.425769139710674,-157.07228421670666
3*3-10,-28.651571045709353,-27.91791915916424,-26.801030864128588,-29.12390883133392
3*3-11,-27.683229164186503,-27.08637252981613,-27.23937087436927,-23.97521036656867
3*4-2,-27.89138993879712,-28.147715574489066,-25.20820403842163,-27.86520736275257
3*4-3,-25.572489771485234,-27.608887413231457,-26.516738378052324,-19.2022093788438
3*4-0,-35.39409898665869,-23.98155216599856,-119.42939214488742,-31.668001493467987
3*4-1,-29.187560595723298,-28.896064162223748,-28.018968079506756,-24.182821088255967
3*4-6,-24.123396251312624,-30.011189010380026,-29.65667744887509,-30.55416957419665
3*4-7,-30.393489526837545,-30.05483820068378,-26.44837526378633,-36.827789207389344
3*4-4,-19.780958660003048,-29.279334986394105,-30.029548293031787,-27.78144647601713
3*4-5,-30.969646881954795,-31.028301722525626,-23.280385478694477,-29.613807296239518
3*4-8,-29.15124627249323,-27.953881290676787,-22.31492064614546,-28.995018792677826
3*4-9,-34.69441917933334,-29.483490108733996,-28.987013626205542,-34.14650428175251
4*2-1,-29.048420142024902,-28.595756866723615,-26.943009019340554,-28.408507181204932
4*2-2,-28.19779591220911,-28.97273548990247,-33.13486329959417,-26.67291437375033
4*2-3,-31.617640012647566,-30.39682597769224,-29.984393502154095,-29.03459942364648
4*2-4,-29.806488258915408,-29.126455189870452,-26.97103553553962,-28.951406664760096
4*2-5,-131.30121085022463,-69.43811559416852,-29.914755125248,-24.03435255050898
4*2-6,-27.20281871184067,-21.139134448726384,-29.689850484746497,-27.546511047143817
4*2-7,-26.331149196613744,-27.748370429115315,-23.26487867225988,-27.093637091593486
4*2-8,-29.680341793149555,-28.065742981979945,-27.733061191208755,-92.44219222618068
4*2-9,-27.825864497841643,-27.42651028414163,-26.876596595581223,-25.41615853723949
5*0-8,-164.63990442303015,-41.67930483454964,-818.0536380595096,-251.1157799112167
5*0-9,-697.0339067911018,-54.130113711354454,-568.8465310103898,-353.93103063823725
5*0-6,-410.3288542399636,-45.97108800078184,-570.9531642338686,-38.31809649113773
5*0-7,-279.5803652035687,-160.9079120279157,-389.47233501253334,-44.85864922538958
5*0-4,-869.1536889121661,-156.54727418656847,-415.96509334643747,-35.43164542193054
5*0-5,-286.60385576960675,-203.488766588194,-422.17156234161325,-37.85352245923902
5*0-2,-452.9689690593972,-311.90495984371057,-689.3343443104579,-221.75479257414293
5*0-3,-651.741031640539,-379.6915142275319,-669.9482795040612,-41.00275531754363
5*0-0,-96.59421194204992,-563.0191781340434,-343.6884597331401,-643.6320256913893
5*0-1,-215.281952146208,-722.2834162340604,-680.0025242190954,-369.3601843877503
4*2-0,-32.34155953192483,-32.14993583918657,-34.069988559443615,-30.208123678277662
1*4-14,-31.088720212679444,-32.100093566056124,-31.718642409265346,-21.097784083936926
1*4-13,-38.79770735517562,-30.264812188214687,-71.105917462841,-33.15553184752893
1*4-16,-33.3718713046521,-33.872465984142444,-35.362368829431226,-35.47480403615142
1*4-15,-93.19906744049135,-24.54616126916301,-29.209042500839,-30.014701579442754
1*4-10,-33.97405785151661,-33.2133495711676,-36.90520324206896,-33.35708189149238
1*4-12,-29.597627270425978,-27.556054290892618,-30.125175270111317,-29.3102867648846
1*4-11,-30.157906234967978,-30.879601577916958,-139.44413800343094,-28.145314973657918
1*4-17,-31.27378668805428,-31.34448643058594,-31.67663031289037,-32.65903086771229
5*5-15,-209.74579498289964,-491.284344388735,-523.1543430211893,-300.5611407391351
5*5-14,-471.88549392853656,-700.5614615055962,-546.6000903788564,-268.27977895258664
5*5-17,-409.0688436568619,-187.95779195120485,-315.8526719376585,-81.1916944069926
5*5-16,-506.5403173225953,-446.50522878429655,-448.0215886103814,-72.34601252068738
5*5-11,-52.20399254973892,-748.799394253355,-181.62906547077662,-698.56051325982
5*5-10,-46.10092170443866,-435.6957221541483,-44.80748164914686,-735.5520106466203
5*5-13,-39.210909225800954,-487.2391688623553,-503.82116493131633,-360.20719714979344
5*5-12,-43.97479446376101,-254.74545011800473,-125.8748069168612,-350.9395244742551
1*1-3,-24.555785787804737,-33.768578742333794,-33.62741416079853,-32.49747040206541
0*4-3,-39.648796943995244,-300.77256634373737,-132.64225662695657,-285.4524022942087
1*1-4,-18.868231732406823,-110.37529143855701,-31.530074797715578,-139.94106509538716
0*4-4,-194.32624072100282,-641.2550165545443,-76.59790585776472,-693.6433745583973
1*1-1,-24.510769353477475,-63.63859339031094,-28.423833929754377,-28.748766790980326
0*4-5,-63.27219470718765,-645.1667765072443,-157.3052610378697,-734.274502843119
1*1-2,-26.98239859829482,-74.43331008995891,-29.858583622505737,-110.52464563709839
0*4-6,-124.62833119972612,-281.4004563869547,-39.18403735968205,-495.5400328217847
0*4-7,-43.813824186432804,-162.6096435440322,-94.16469968425386,-203.49003709961013
0*4-8,-38.63335329760955,-529.3928509536246,-95.73339527830393,-71.17094550839842
1*1-0,-23.697787506554995,-34.659511670621804,-30.85575233891965,-31.981973659866696
0*4-9,-194.7089743097138,-354.46285588007623,-221.77782483497577,-42.470754289333314
1*1-9,-30.86771421350446,-28.44518912849108,-32.131079702941705,-31.617780978042823
1*1-7,-28.25657320324234,-28.587962846293113,-40.786316492598246,-20.994585242771336
0*4-0,-143.77662624969687,-103.0079735419023,-199.17356558027237,-216.93300016316917
1*1-8,-20.47092031445629,-30.070170134566578,-154.75424664227302,-29.5854113219469
0*4-1,-141.0946522348755,-113.67302677550171,-45.67029863258302,-341.8501960976114
1*1-5,-29.67047086091248,-31.27648641306326,-31.27231885770972,-32.101876446582935
1*1-6,-27.13114709368524,-28.617953943950436,-27.2438781436549,-27.1178210653814
0*4-2,-110.31594095131783,-193.02241996133353,-38.74305123935589,-358.74921463592113
4*2-13,-31.774169852252804,-28.191899032025315,-31.1382896164826,-32.286872647221415
4*2-12,-25.97200727718915,-28.70533118921779,-28.574128550638697,-42.20867612859513
4*2-11,-25.2695150792867,-28.057158433228235,-28.940518509457096,-62.5334187586835
4*2-10,-27.115180022357002,-148.07213860386025,-23.588372549725275,-29.516574960401854
4*2-17,-32.231128122873194,-25.776570412146754,-31.953627520486776,-33.591806777808884
4*2-16,-28.610148401054364,-149.2315885166293,-26.999599089491323,-28.91406846327463
4*2-15,-25.64321168723676,-25.09275935237601,-25.17643393883934,-25.91409003324257
4*2-14,-27.732493087560734,-122.71411118362506,-32.39851897800374,-32.37544722497277
2*0-1,-28.126143955639318,-191.6510064076143,-162.87984225254348,-299.6220476848341
2*0-2,-33.115411710197506,-101.23544523030135,-114.1135061917371,-39.17463863857709
2*0-3,-31.948172576788433,-293.4882085479659,-58.02004351032107,-89.57672962037837
2*0-4,-29.904734189672812,-215.9346482886021,-287.8285806863934,-67.1219165348965
4*3-10,-30.823015768206805,-31.58390727721354,-31.790847068056014,-157.05343150769824
2*0-0,-135.96192437631657,-742.3841880553964,-28.133411645488223,-650.9335608288533
4*3-14,-28.15382526747047,-47.27361289113141,-30.380033752193498,-19.4195820885542
1*5-16,-358.6208665551307,-43.309972864332074,-764.0241941034249,-249.3961835782913
1*5-17,-305.36813129632037,-58.89231314828701,-446.3135115293227,-56.263419370062465
4*3-13,-29.410265358812204,-82.1844879280781,-25.434374836262798,-60.42525216315223
1*5-14,-238.18815270291918,-154.32808027531925,-167.19560054344376,-45.3318052515954
4*3-12,-29.528673730101698,-29.861095635835557,-27.831624785278237,-31.188963743052454
4*3-11,-27.176145644727328,-26.298519439346308,-23.165419447335015,-60.2037844934903
1*5-15,-69.09235551702817,-59.80264255828054,-482.4014275237773,-40.929733228079115
1*5-12,-215.3455413145245,-341.09220838208176,-225.35197252429552,-36.88385173543907
1*5-13,-82.32665817599118,-162.0422721236646,-55.175115676533736,-49.74999747353086
4*3-17,-34.029147836951836,-25.23802412110226,-34.51020650174227,-35.179623671473905
4*3-16,-30.194656870365417,-28.992292917591637,-28.676679791593116,-28.517302805094893
1*5-10,-25.162235240452745,-448.4904146305214,-96.68070045796998,-95.55845187288804
4*3-15,-19.30531307770846,-31.259274707529514,-28.830752918727413,-28.070747079427164
1*5-11,-26.28994329030064,-75.41835939253009,-36.60505223791019,-41.97021034820366
1*2-2,-29.340540956720915,-27.53618612589829,-31.117853049588888,-141.5484268289952
0*3-4,-71.05503940902216,-261.5321329510343,-34.734007446424876,-389.3637720862914
1*2-3,-25.48059238281432,-27.153913014108984,-27.12123095740312,-27.30932741787568
0*3-5,-32.75234953976654,-364.61268370333835,-127.55046164783138,-530.447588783673
1*2-0,-27.935209804636823,-29.639387125792233,-28.70969480408047,-24.08579063151333
0*3-6,-47.65928202113034,-358.35410154031314,-186.08586343932015,-85.46567974404432
1*2-1,-28.180364530472417,-28.41192755761637,-28.490569285241104,-27.462571592022996
0*3-7,-164.16366084887906,-476.9336520698984,-33.916697302559676,-193.0277144940394
0*3-8,-31.53941934693965,-161.45396334720704,-37.32104958526691,-36.048460083449925
0*3-9,-27.81557894293177,-302.89056321516466,-190.95812345395444,-35.449966601427896
1*2-8,-24.07850279692639,-24.35927725725486,-25.593883161081155,-22.668918762840953
1*2-9,-26.89366074132546,-26.613127894534134,-25.854422635857198,-28.458684790806736
1*2-6,-26.151231339134007,-30.91298403058521,-16.30539965091902,-27.64023782787619
0*3-0,-184.41592252549603,-171.66802665828789,-39.34146709303456,-205.28481300082555
1*2-7,-24.801764174863216,-12.583024473824192,-25.40875419601018,-24.479650710123146
0*3-1,-104.39496510871912,-98.94914013806071,-33.5194122615714,-182.19076503778126
1*2-4,-28.171975914984948,-28.413454892664888,-28.10866145055008,-26.488975465468474
0*3-2,-31.855991367437998,-353.32396359689204,-68.13539564751005,-436.90287509942965
1*2-5,-168.97633672364995,-141.9155193783204,-24.76384529498834,-28.920316953457373
0*3-3,-44.77301813939471,-480.5450844064421,-36.76206772247022,-505.8167851669084
2*0-9,-1129.0890051268796,-172.0258673142776,-175.29792116799234,-49.654526186937744
0*1-17,-212.94112115338964,-21.35371788371021,-59.98270249041184,-89.71864132890097
0*1-16,-136.7659010881183,-28.351922667477428,-45.88782663633184,-22.889068019468855
2*0-5,-153.94266565739701,-177.78770456585468,-391.7002575611919,-42.13138099998788
0*1-15,-527.8096764207116,-72.08787545777203,-62.21937604313125,-24.117665434051073
2*0-6,-409.7787338668388,-54.124906407195,-320.737325282963,-48.51572058180493
0*1-14,-529.6163041604622,-39.69319253986255,-514.2014207000792,-80.23535832546587
2*0-7,-288.57096562424414,-125.74212975801733,-382.51922356902634,-45.66844132995962
0*1-13,-305.6097992512498,-33.759260907723345,-142.44495163597082,-59.77915968347992
2*0-8,-301.4145164893299,-81.69841633388587,-345.5210014006545,-48.115524478495324
0*1-12,-157.31873892508276,-111.03578318759382,-300.1666789723947,-27.6957778795129
0*1-11,-356.9016091095121,-48.218502573972444,-426.0598184866652,-181.78994796272485
0*1-10,-116.24485391615238,-32.274960606543026,-578.5399326602064,-33.55088523731519
2*1-0,-26.99693144667941,-154.0030232891315,-25.75366457121617,-165.72685984279718
2*1-1,-27.255622133781454,-26.83301697779041,-28.43045229917692,-27.033934576781764
2*1-2,-25.95899841831123,-153.88787705992723,-23.491492804686906,-26.709794346831323
2*1-3,-26.71917372074821,-26.17544995557025,-27.481999608274087,-18.379951186435775
1*3-1,-27.0331060169604,-28.982935678938947,-28.946272080925638,-130.25096486265895
1*3-2,-27.633955199510382,-27.326924018132107,-26.775641759757793,-29.208211586335388
1*3-0,-26.628121710118716,-25.931863127479847,-26.342144481762062,-24.07646067965985
1*3-9,-24.082647920207176,-29.99297218568921,-29.494232989892485,-31.30801819075984
1*3-7,-27.63957381632536,-137.35230797710366,-27.038248033945653,-28.997770270652957
0*3-10,-175.2242495574785,-42.32371713405432,-131.04354212732707,-84.9567275297939
1*3-8,-29.909416096953795,-32.209407076855534,-23.4660936690844,-31.22005922376471
0*3-11,-294.45763039182515,-35.477633145900114,-296.97031588639186,-38.31261656636159
1*3-5,-26.05100512415438,-40.22539651460684,-28.620174550776788,-28.997482960936757
1*3-6,-28.529431059392188,-29.13070650945449,-21.610455361170043,-29.519495516615304
0*3-12,-370.88271297476336,-255.39959881368623,-397.4847994420059,-122.82651045704158
0*3-13,-402.3388820407796,-78.94896912446708,-319.75946449496934,-45.47723285661144
1*3-3,-27.380430221265936,-29.12255876778947,-25.24732639605445,-93.80308804655147
0*3-14,-493.72676117933145,-47.593145405988935,-276.4159225323548,-129.48922208132353
1*3-4,-31.592768582050937,-30.581248610040998,-30.884789553545154,-31.063546093836262
5*4-14,-131.795789124116,-308.1965851452435,-36.21546821875837,-157.45264906797286
0*3-15,-205.12821229312152,-192.95356815241433,-349.9816622433017,-106.05293901646655
5*4-13,-102.66015491308212,-530.4659869666972,-38.831073701887505,-506.1638520355047
0*3-16,-344.33883991562374,-59.65296241336935,-169.7255865635173,-53.772660147756106
5*4-16,-41.95774599743871,-194.31064902890037,-280.6756295964009,-308.7273687560513
0*3-17,-176.59488080911157,-52.59574980926995,-123.14254355888094,-101.39001796746484
5*4-15,-46.64707743758557,-568.3323169430768,-41.97263190008422,-240.1627360888678
5*4-17,-236.3032957981925,-464.0703485593754,-337.7146988241671,-45.46374847098363
2*1-8,-30.4184083228901,-26.476510168493604,-171.38899954617887,-29.296649448962345
2*1-9,-126.87449770518192,-24.583013168172478,-21.009899627259752,-27.151183857221422
2*1-4,-18.947277930208354,-27.292913749298734,-27.330072196730193,-26.24785721794693
5*4-10,-32.58713382145122,-35.31550132472119,-29.469015707885923,-132.03004828707495
2*1-5,-29.584091212419978,-33.62184626328358,-32.20118105196687,-31.732752824007058
2*1-6,-31.87634632140973,-138.43443108653585,-32.38926285029121,-29.993493070870098
5*4-12,-53.89169463068491,-292.5263840475918,-40.853895881314365,-687.6523408048209
2*1-7,-31.017119621191295,-30.1894477162543,-170.09230555510194,-28.283045104483904
5*4-11,-30.291547593919542,-466.92958859812745,-37.10116101466737,-309.4363236967697
3*0-6,-112.57686932365695,-45.289597623814934,-617.7061118617453,-184.55376288491405
3*0-7,-50.805163022626516,-62.62282167657129,-754.0790071142488,-32.28699133713543
3*0-4,-34.24891721989709,-37.546333886188116,-146.6734187308701,-36.696282084133
3*0-5,-52.77836067347347,-173.62744541614086,-112.4323043973019,-78.22978453997135
3*0-8,-544.6095899378874,-28.975530390093436,-559.3226050191386,-141.5978726583485
3*0-9,-396.88668926675825,-34.86738431414011,-407.4868546366905,-43.10359956599126
5*3-12,-42.55493003813839,-710.694748706677,-46.008109211153396,-644.562603261524
2*2-0,-22.734793904694385,-30.654385781632897,-31.366729905366668,-26.690064703345037
5*3-13,-58.79124405440465,-483.9604948984245,-31.05260261928493,-853.195900422595
2*2-1,-108.41957875688946,-32.21711169414804,-35.90939790500467,-33.96039932800069
5*3-14,-35.654332422781806,-259.6555431260409,-107.66845847764431,-136.61679520662653
2*2-2,-30.53566985835835,-31.329459517828806,-24.86029170069902,-29.84821554600636
5*3-15,-119.99859484830166,-766.002207117375,-34.67214839989643,-46.86215253077401
5*3-16,-33.502469493323744,-194.47658287535054,-34.01257049325951,-35.22163785646076
5*3-17,-98.3889199204559,-330.8963867577357,-89.80680955212573,-45.85353535177175
3*0-16,-37.095110343298124,-197.30515206135124,-102.30662363940164,-387.6114941743298
0*2-17,-157.01802902513148,-28.291210301873164,-27.849988346898986,-134.64890453516264
3*0-15,-37.469438075595605,-89.74728024263686,-36.08781295828148,-241.71938507608613
0*2-16,-295.33465557202845,-33.94670351164973,-49.66170615082142,-28.78462516904369
0*2-15,-402.5582514675999,-37.81943836697212,-179.97150715431636,-136.82356118326805
5*3-10,-88.25299909761934,-114.06402207829652,-33.84959382540532,-371.66140829998955
3*0-17,-37.71089703884927,-751.9674656061877,-281.51829575862206,-427.90205368740266
0*2-14,-528.1375270428088,-179.20380640323253,-291.79401117216787,-40.095411807981904
5*3-11,-32.19181421742732,-59.125638649983514,-67.9869069321114,-693.7394096046338
0*5-2,-554.1147825840674,-70.1072522197702,-343.8693734545367,-586.8386505671971
1*4-0,-56.815534197559465,-27.39705750309151,-22.029292081123728,-30.703830301692864
3*0-12,-293.8257921910135,-36.94240244178076,-33.79768729157102,-35.998391767912246
0*2-13,-393.3450130819943,-36.41733075853602,-452.80619377173343,-334.19613002014967
0*5-3,-584.1429295239298,-580.2162178120184,-148.35841810951672,-573.0664529720425
0*2-12,-264.68563562412834,-74.44749581356514,-219.09200498179257,-38.195464711050164
1*4-1,-71.957044781205,-26.172190376953026,-28.34990730758058,-30.21781576439757
3*0-11,-65.61519941790141,-135.99411386452334,-47.280686138643325,-36.05669562529368
0*5-4,-205.80433630101018,-375.25134188128396,-50.19071127510739,-458.82056772334187
0*2-11,-179.31889747940028,-42.32300235184435,-553.4581218306934,-135.86549552386543
3*0-14,-153.22566926153343,-215.44127240324514,-89.44208679925143,-288.6965208751145
0*2-10,-337.2065317486985,-43.833563697447474,-612.1786799231403,-194.09878552026794
3*0-13,-34.10584312946561,-31.616910962879796,-34.21143477854893,-64.13719494280139
0*5-5,-170.0787989566488,-346.44757803776577,-48.532710083242826,-422.79619257069567
0*5-6,-60.82110832668967,-469.78039956261773,-68.8847699171438,-174.52453335581745
0*5-7,-47.21623131606172,-481.50594597052975,-82.36534669532048,-661.3856767721511
0*5-8,-127.4574919841259,-696.7904281809996,-274.4140448247755,-451.74229097882557
3*0-10,-792.9629216243057,-35.1083500354185,-188.45009111950773,-156.18367676875357
0*5-9,-114.72158114972308,-595.9590830242574,-274.2709555477809,-496.10766947384946
1*4-8,-25.80226672971919,-29.185914788838062,-28.799999969860217,-58.68023392856627
1*4-9,-30.49027095147386,-29.998241262808037,-36.09805795756563,-29.46326576002393
1*4-6,-98.95093368414487,-140.47810239906622,-35.9275620478494,-153.84992402998841
1*4-7,-30.808992085883766,-32.741977504838815,-26.961712798269293,-72.15815173667782
1*4-4,-28.61487405824245,-30.571301807828995,-30.153845829818284,-33.91751649329881
1*4-5,-32.44925859462848,-50.04387137983229,-50.70904156325841,-40.0216889353625
0*5-0,-137.36321769531767,-185.68359807309542,-351.8448426463731,-165.30066141052095
1*4-2,-34.128066812389804,-24.99033825417106,-31.7611368843325,-31.809709932818784
0*5-1,-435.93105105515997,-50.19323332124883,-299.35946169399017,-464.55307654451235
1*4-3,-30.851278430198903,-30.632184943820274,-29.767722547676,-33.13237809255728
4*4-10,-27.862157810953487,-161.3751038430129,-27.917823314998472,-30.140323363978663
4*4-11,-27.943536790712873,-32.32902428625746,-31.81025997908741,-32.12828150969834
2*2-7,-30.610603127056976,-32.27321764572721,-32.21542121322231,-32.88704109960281
4*4-16,-30.639373804230534,-33.69337965705278,-152.41126569555112,-32.31102781410626
2*2-8,-31.313876487355053,-34.38237860773032,-34.15279930696625,-33.33438105995218
4*4-17,-33.6978083121947,-33.18995000827539,-105.56663634483867,-31.7355570974874
2*2-9,-28.848134345663038,-29.77885568579272,-27.20644517791576,-29.485634866964403
2*2-3,-27.262484483665745,-27.160871147482617,-22.766774666900222,-27.606556719706983
4*4-12,-29.813959590796816,-31.865453352900055,-32.290685396052865,-114.96818415013533
4*4-13,-32.64149646986332,-34.49572507062417,-33.7148726636556,-58.52370951272251
2*2-4,-24.294923881625543,-22.274163221193426,-23.9900392545151,-24.001679570707786
2*2-5,-27.058352293219215,-28.134722634858427,-22.91862779726844,-27.75140806323821
4*4-14,-35.22443863007626,-161.62076679802607,-32.56191127189651,-34.38691795842596
2*2-6,-28.112321542863235,-25.112532139704996,-28.714091667207775,-27.68359706874554
4*4-15,-29.47974918101234,-61.367228720726054,-35.63075698391228,-34.75421667204948
3*0-2,-36.43775839986756,-407.1104772542464,-39.488196141376314,-40.18249559412022
3*0-3,-40.61941235291481,-167.73039271802762,-42.811216617773965,-45.855433423025524
3*0-0,-201.72291249774813,-447.87554710241545,-34.82522073536258,-921.2779354743885
3*0-1,-30.529952417490083,-429.99098176312947,-172.56345885193352,-273.43154324077244
0*4-10,-47.74195594746748,-76.13234172333313,-83.2221681541544,-73.3870984349042
0*4-11,-208.59103257805006,-145.79309250271933,-499.38619778065464,-210.10722315708614
0*4-12,-187.58295609535747,-131.0612291922626,-253.42124240659305,-33.83213287867281
0*4-13,-189.04035792721547,-39.63780095973036,-208.46192574387408,-163.05521534455045
0*4-14,-692.7438951368082,-36.092710155689794,-250.11519761079236,-38.34631342716703
0*4-15,-407.0641643451582,-184.69662081571866,-132.57644680113071,-73.17158275778556
0*4-16,-527.1446610247291,-50.00063150485185,-326.18832482695836,-51.20010722129471
0*4-17,-250.32998291985803,-32.10324123969279,-204.30368676838583,-109.73901912293749
5*5-9,-71.43287317383361,-550.8525579169124,-189.79018785985306,-458.5926985139678
5*5-7,-190.87542345480767,-515.2736824781329,-37.51636466749927,-580.953355317176
5*5-8,-332.39855805847907,-466.95218841665184,-38.84159461425108,-391.3815236113161
5*5-5,-410.728564448925,-135.13830658753685,-238.39144627654468,-414.5553959806579
5*5-6,-694.8130109717088,-75.19987597088483,-206.88216267939103,-278.6428145395525
0*0-7,-193.33433080785235,-655.6472459133743,-614.4651035095773,-101.84505343129729
5*5-3,-343.9296432679399,-137.3291792843644,-453.18592727387744,-187.76844157500278
0*0-8,-501.03875825538375,-470.59450061005845,-1015.1940228810157,-117.39875267419306
5*5-4,-294.33608839232363,-52.05717715364551,-313.8679408439594,-224.26294285055155
0*0-9,-831.7095393820638,-244.34375915146632,-744.8291648971399,-52.25038737806772
5*5-1,-830.1544856872199,-146.65665297445997,-384.70542841433416,-46.99358242011352
5*5-2,-483.81157601260117,-45.618243088296246,-321.9314868835605,-67.69362742048502
5*5-0,-226.00037975698876,-188.70675647778884,-406.15309219505355,-107.892627154877
0*0-0,-181.55037533881173,-411.1469694073956,-64.91129099642336,-406.955016822532
0*0-1,-194.63849077590237,-379.6591271659329,-68.86959889433652,-613.8701791434027
0*0-2,-217.95729610057455,-498.42424261467926,-44.80358597681144,-529.5598515510039
0*0-3,-48.410538458849736,-735.8879903018408,-91.36730157040199,-527.3382172657127
0*0-4,-53.26612562485576,-675.3205478878485,-317.32908809266775,-560.6996904285926
0*0-5,-175.5372539083727,-844.2924578054416,-435.0723308506838,-498.71579487510985
0*0-6,-68.1716579275401,-311.7773758941926,-419.9529380975132,-311.9297914344783
2*4-12,-29.048246435297067,-29.272251383592124,-27.473619802687438,-30.511290780070883
2*4-13,-29.676676146520975,-22.487739555321234,-30.467558358261453,-29.868134317696338
2*4-10,-28.19117120910367,-39.38943768059696,-29.423978445648796,-29.096168436876933
2*4-11,-28.77750408990068,-46.95710052875349,-27.462988602360863,-28.52368171990433
2*4-16,-26.89036181864646,-31.2659264160337,-116.83219848460351,-31.2366613959127
2*4-17,-170.90512941820668,-30.603195756507873,-130.06681009911,-55.2732654143624
2*4-14,-30.854428299595316,-29.416900691662807,-23.5173418652782,-30.2212705684275
2*4-15,-23.181113894547465,-32.194449816577965,-147.27946714987897,-87.22137452488295
2*5-13,-40.42721961827784,-38.67388375860096,-174.8169306538918,-35.369449151529
2*5-14,-62.68934257801858,-41.2615462799409,-100.27593553751157,-34.67933251176599
2*5-11,-78.51912775716444,-543.0902710160656,-32.431748606591114,-217.04640636856672
2*5-12,-33.26710582061789,-174.7939715494555,-62.37841363250631,-136.68006761105323
2*5-17,-529.3771926732933,-125.67898368516326,-489.00011935859925,-73.6538941680441
2*5-15,-132.28801350902944,-105.59586754822338,-164.22085426851257,-26.89740585616943
2*5-16,-233.64255504089454,-36.23210453184557,-582.6390150591011,-64.85940877168086
2*5-10,-100.44881289655086,-312.4035165231824,-31.59712030797421,-153.13230306922716
4*0-10,-555.9808189678794,-77.90287133608923,-184.4712912888528,-181.32840751963923
4*0-11,-213.10149826890748,-61.57492732986498,-289.05000486817266,-77.15513512146026
4*0-14,-36.829482617656375,-41.5431165096073,-33.1189630826104,-68.82772593089128
4*0-15,-102.6880737033485,-45.24457214170873,-39.64353597475989,-393.9115649975483
4*0-12,-351.22219764472754,-47.97813160867072,-134.91107837621618,-304.7806443723042
4*0-13,-170.41641652108325,-75.65365012786972,-39.094231291842334,-222.58249187089135
4*0-16,-40.31510324074612,-221.9960892631923,-68.07652980109667,-664.9526078582413
4*0-17,-164.83240900384325,-596.8164178556145,-42.32494695053575,-510.1508209307318
2*3-17,-25.397172004214383,-29.286102416306207,-23.152210746601817,-24.966159772320033
2*3-11,-29.949154590008696,-31.25202287462878,-33.670451435103786,-27.49552156120967
2*3-12,-29.417994966197554,-30.228390589498215,-27.241310105688,-29.528663850816738
2*3-10,-31.036438657364766,-30.65671771362406,-29.3214644616854,-31.308453643181394
2*3-15,-31.007012264263956,-26.791570619963718,-31.815323291148715,-28.828191326447417
2*3-16,-31.02133280222951,-31.783082758481275,-30.376373629921776,-25.16282822136236
2*3-13,-32.518664452482895,-27.38806326961538,-29.29595214593178,-29.510750430665468
2*3-14,-28.882781050889697,-159.7154534205711,-28.812763036180872,-25.571048246302365
4*1-11,-24.874010623790937,-23.026366929837863,-22.74958208125971,-23.60177510763907
4*1-12,-28.514782571576486,-26.386478494997938,-29.291527317605617,-119.91344115162156
4*1-10,-52.991360972890575,-22.174988716703933,-19.45341374088709,-25.569226300363688
4*1-15,-34.43484429527677,-43.82808179151436,-34.3717618964169,-36.96592164693924
4*1-16,-28.50264107961204,-31.85804325831992,-30.012028336688907,-30.306124791158123
4*1-13,-27.069654850325534,-46.06748100549313,-34.68080924625954,-34.75726406612231
4*1-14,-38.444261352657755,-41.05915168722025,-37.84672254040811,-38.83942986627393
0*2-5,-31.082089321190256,-243.5358481415559,-101.84175686143541,-833.2936192880944
0*2-6,-28.64945553975464,-527.2843337958268,-41.13537411780821,-45.486335636990844
0*2-7,-31.422976517312787,-267.90389830667544,-29.611448478978353,-76.10266264933027
4*1-17,-29.433912437507242,-31.22238051370725,-24.989785011236485,-30.660984141057778
0*2-8,-30.980040554236016,-46.7539173244211,-31.911163546834487,-27.528102907754928
0*2-9,-33.52267832126704,-30.220631367683367,-35.230030018166254,-32.61148275604304
0*2-0,-79.62191518205383,-29.956198592186432,-29.953106050981418,-82.88525370787147
0*2-1,-32.13030285286343,-166.91601305434514,-36.50616695287897,-88.31556201977426
0*2-2,-47.334464782845195,-387.5899448547586,-36.096270622811744,-474.7317643161401
0*2-3,-83.26574581133382,-269.32769364370625,-32.30997662567644,-795.7467920201705
0*2-4,-36.83491772637941,-639.2268965181246,-87.50472253716487,-666.8337495448078
0*1-6,-248.82486089003734,-367.1805839986578,-45.20823269025583,-185.07544135176073
1*0-4,-43.17675947300437,-57.59658176941073,-306.72984603160364,-306.97943747846375
0*1-7,-40.751071945222996,-278.9640562400435,-155.83230654537988,-282.80219907158795
1*0-5,-107.54818656679387,-273.42481653609025,-147.72174878122624,-32.9973555175186
0*1-8,-43.01099922426709,-196.4159963616894,-43.97072782624618,-36.243287880061466
1*0-2,-35.12887968546038,-304.74481202282783,-189.33654981522128,-167.5094787415388
0*1-9,-238.99274036536715,-66.03803021316966,-242.5825598680328,-31.32880869410583
1*0-3,-41.420384379208606,-316.2084022702311,-127.93832806687537,-216.48818078885617
1*0-0,-35.563992010923634,-314.61226234569756,-33.16723920204438,-420.217937233159
1*0-1,-29.191785984762127,-521.6145355680729,-40.83063265220443,-263.9814381380394
0*5-10,-209.44829821249374,-394.46070110055246,-407.36027124453875,-530.3630997846838
0*5-12,-540.120203167549,-145.10711421294877,-257.57460865122096,-52.81948327894275
0*1-0,-119.20318456805325,-145.82392201520798,-51.67264857218938,-233.1117768619312
0*5-11,-476.34008911294103,-634.3618826556572,-1037.7605764985162,-120.80084334855322
0*1-1,-74.72747881452051,-163.3389080797107,-38.189526982043546,-328.9101001568497
0*5-14,-723.7903981700821,-169.56300345982223,-526.0527048791253,-55.25884749904104
0*1-2,-38.0795071721059,-413.0943204674427,-152.6658215623131,-280.16030531239676
1*0-8,-462.594517747923,-33.11769146926143,-303.1294404233098,-28.792849245296424
0*5-13,-409.26193112127567,-370.58408694676524,-584.3903950755102,-62.460368250790225
1*0-9,-267.39497838366276,-146.14693648681356,-518.9114415532938,-29.390176129145363
0*1-3,-57.40925578390179,-277.4334801936648,-186.0161840289255,-519.328147151953
0*5-16,-452.64478931707436,-42.280486628599036,-601.2050309208756,-108.27674901136135
0*1-4,-39.874748858215646,-523.421992838986,-36.842692230695505,-106.7636620792198
1*0-6,-196.40823792522585,-147.0890057639295,-242.1495263854735,-29.027378706730357
0*5-15,-673.0527195839262,-93.04165883761442,-551.6263676029345,-36.98872251626936
1*0-7,-195.0559179110921,-35.37415113574471,-284.64044971247216,-32.37333006761671
0*1-5,-36.02723139918259,-585.2784069214772,-100.09449203715208,-354.40154349654404
0*5-17,-411.2652061130348,-38.438366894945275,-773.9677479689118,-254.8599326544559
