,41.01985139001448,0.0,0.0
92*false,885.4544607910451,990.3087518353216,1106.7364820958471
-27*false,905.2423070757794,1040.7261925878513,1188.2847138495165
-120*false,870.5131075039304,984.0524851908117,1101.7837110204043
9*false,921.0134707938738,1081.363214253961,1261.1954905553532
141*true,780.8748175735374,1059.4845434014087,1169.1941800764416
-173*false,864.8592187996479,950.2622212533063,1096.2397755734103
77*true,817.3429382042003,1114.4357093582985,1264.8797940163558
32*true,909.5158903849817,1137.0705752784866,1321.5493483588293
-133*false,861.9531209625153,976.9330274692112,1096.041697253183
-14*false,933.3991009475146,1035.2470466744585,1195.6752838688228
-67*false,893.0854744049794,1024.5493833239937,1149.986622165751
-12*true,1070.7887617054298,1137.807875850289,1320.664574480778
-127*true,791.4297300624996,1068.1430111178001,1181.8426097934505
65*false,888.8780237498853,992.8664000006938,1115.3709607497967
-146*false,846.0278253182098,975.5707175246015,1096.7325010153886
52*false,906.2774010618292,1000.7391118378761,1129.1925691411527
15*true,1054.394659768117,1144.9344926074882,1347.702451966061
-2*false,987.9820234294306,1063.0647658658256,1229.7918555858967
12*false,956.0784747880616,1036.909592291854,1217.9073536004325
-173*true,780.5979807854316,990.4820067831976,1125.203561613081
2*true,1138.9440893771477,1143.1475109974058,1375.2153201490726
157*true,776.2524725418766,1042.633753408117,1166.4140920552234
-106*false,872.3957342146953,993.5191419611011,1125.156988241503
-111*true,799.922864296039,1080.923169295554,1203.5587066910632
-94*false,868.5222325479812,1009.1464396415314,1123.8009665185132
-54*false,904.8214911372554,1026.0288256073468,1159.1597257867902
25*false,928.7727135875024,1039.6085713690816,1169.050256324231
-24*true,989.12339160876,1133.2341663015816,1311.5844833007018
-139*true,797.1256286743002,1050.9235501698097,1172.6916166133453
-91*true,815.310494997455,1098.7993650526619,1231.5049544431872
-57*true,819.7920848922186,1127.50345268228,1277.6991750916218
137*false,873.5802745976623,978.1320370977277,1097.0234759521697
177*false,885.2498884173477,955.5783457831178,1084.6920702294253
-86*true,815.0143409962537,1120.540880080014,1241.170617406375
111*false,866.9495299537114,977.6939737745738,1096.89120863388
-144*true,789.8917345334823,1052.388337153908,1169.5376143318153
-138*false,882.5658185421036,976.1278654387947,1102.3725614910588
-160*false,888.8915896297623,972.0009619576373,1087.6696807120034
124*true,787.1027982262259,1071.5931259261774,1191.4414520009052
151*false,839.5177581835738,970.3354452803675,1103.7179214972055
44*true,815.8811724609536,1123.8502484918215,1295.5835450972152
-132*true,792.9407182802132,1062.605368824249,1176.1755890013283
158*false,859.8765608832018,974.1677895791285,1096.9259011950096
136*true,779.6461186913401,1067.7391472337058,1181.80302366754
84*false,910.4557758778682,992.1125187988474,1115.7679949126295
19*true,1019.8957560305284,1150.7265313809892,1338.8706096082738
-35*false,885.5813309561673,1045.6430551953988,1188.3726365491523
-177*true,791.3527803304358,985.3435622925742,1127.8903964428307
-75*false,869.6195959921955,1007.8010731420666,1151.944083928055
-81*false,863.537658211204,1015.9568487199746,1128.68381308137
44*false,907.6236502770411,1005.471492842273,1122.265102113108
-62*true,819.3461533658718,1124.827121503117,1273.1695705569584
60*false,887.6594712812343,997.6365679581455,1128.622709674588
145*true,775.3531312732632,1050.3695534220321,1172.4223710393455
-19*false,918.7313485844214,1042.4315809488312,1187.5859571550998
-59*false,898.7106540103058,1034.6070015177286,1164.946648673875
-123*true,797.2622781741672,1075.4288004076907,1191.3860466363349
4*false,926.5633643587499,1055.2167058338232,1221.0525394294689
118*false,884.6610313926706,968.2290839910462,1092.0213831043532
73*true,815.1298816215755,1120.8629886150252,1253.0235902599136
-45*true,821.3470115231191,1118.7449930548862,1291.8243088741056
20*true,1264.6125345269518,1139.9547836767463,1345.717883045636
124*false,875.7717686379998,972.5871579685428,1118.1978511120851
-99*false,881.6643269000174,1000.390843551573,1123.952165650723
-74*true,817.9728531355937,1117.3584556569351,1253.6574889575877
107*true,792.6787922568373,1099.577252290929,1221.602742842263
61*true,815.2286392985835,1129.7553602758005,1271.7270374013287
120*true,785.0760299198274,1079.339759147244,1201.8452106919012
-148*true,783.6767070056319,1045.1295403177828,1161.7216634102676
20*false,973.6245598781086,1047.3117402952264,1183.244609388841
-161*true,754.577902019446,987.6808882916367,1138.6063757596958
48*true,846.231542392298,1127.2534299534634,1285.5524418441366
78*false,912.1080628420309,993.1440727153316,1111.5466446734947
-41*false,890.100124835872,1029.7639855979055,1180.83288133771
89*true,803.681488707474,1103.9853773208945,1234.6494921500637
38*false,921.3774653137782,1018.2958278701826,1143.0205939214804
-48*false,903.828047219199,1020.0503243934706,1179.9482389475845
31*false,904.3235981136613,1031.5084569555506,1159.5441466579634
-36*true,949.1072521189233,1118.9089910648415,1323.463891215189
-70*false,896.6957859893646,1017.2954235592933,1136.8369512174254
174*true,775.1043840227074,993.2682822277532,1137.4003797167547
-88*false,887.7694392466149,1006.5565263245036,1128.1362647226033
71*false,886.7458211558852,999.3696132714041,1129.088527975738
164*false,897.0891414596423,951.1388172546738,1082.1255500050725
-20*false,910.4252077807321,1041.8432688337407,1189.5626187673224
-95*true,810.4164609492998,1106.5154080781713,1221.9037966410128
178*true,785.7623129801698,992.9249941052088,1121.1565117307584
89*false,875.1604126847415,990.0316223047869,1119.346848982552
133*true,777.984797118553,1066.1128333643746,1187.6563965837706
153*false,861.9418424367497,971.02645526755,1103.4378706023156
59*false,895.177683617783,1004.4827621878624,1127.3741641116867
-118*true,826.5929050695964,1076.16913430601,1197.0142920484932
-48*true,820.1840106605467,1131.8896784993067,1292.8935049867528
103*false,874.018006561665,977.0739122487674,1093.006393755393
40*true,850.8670009917807,1133.411301417085,1309.903758113089
85*true,804.7697605865253,1115.906836705651,1251.9275760556297
-65*true,826.8620723700706,1117.5929486804157,1262.1395848740478
-119*true,804.2711661377842,1078.5671683460257,1195.4288449238254
130*false,885.1140992766439,966.7922424198416,1105.0037104798466
-120*true,817.8792149719644,1073.101837433534,1198.2957348046048
-114*false,858.7196514994375,1001.0945556236936,1118.4086886173
70*true,812.4907672494018,1114.598375858384,1276.4862552251823
-165*true,780.0603842423548,993.4910153586809,1130.7286683626778
140*false,885.1428519300232,967.0973140687381,1109.7169897896104
-50*true,832.7991895366032,1125.5978073758881,1288.5156977898241
10*false,928.349189599122,1049.5934507525217,1222.881997001056
-46*false,898.1326910163548,1026.5772128056747,1176.0585555067962
-144*false,847.4549073499875,987.7068080139206,1093.3602861810693
-32*true,929.3061777887117,1130.9781631195463,1285.0559229700912
-103*true,805.3876908142752,1088.9837645609034,1218.4723552732814
-69*false,896.6190867539004,1021.9427219826244,1139.6281789555458
33*false,908.132735467091,1029.2349604235849,1155.1624678461467
162*true,763.5424308608698,996.5069672990328,1131.6574770130348
-94*true,814.9996262549134,1104.7311645802154,1237.0920349546964
149*true,784.1800966332847,1051.2901153240628,1164.1560618139483
-9*false,950.6693031855561,1054.8239706710272,1286.9022030804497
11*true,1061.1750927278988,1146.2668203561138,1343.9529103757548
-167*false,896.9159774428811,950.830464622236,1087.2437905243667
-19*true,1030.3199855320038,1139.761077941284,1321.9224376599332
41*false,878.7312266785032,1021.2715061103768,1150.1217060381593
116*true,795.9625760196811,1081.8469506934014,1202.137535974227
-147*true,787.3237676393384,1049.9312841961023,1168.8238014520698
126*false,912.6226051121959,971.8161571237068,1096.4562265643733
-112*false,880.2241349952437,1001.6160873494249,1121.3804900680543
-136*true,785.6143650023728,1054.50978966183,1175.7365911929562
-38*false,904.3549486873917,1042.4467077102886,1171.4913933804373
-21*true,1059.0109330500636,1126.5263763109972,1332.0030262592293
129*false,882.1088509158757,987.1667215532045,1109.5684250262211
36*true,932.7753210424704,1137.007047157437,1302.1155896992796
-43*false,885.5228070199988,1040.7550413080994,1169.6433109860886
41*true,848.3946717921236,1135.0003929310014,1302.0675816162359
36*false,902.9769166098441,1019.4677609192723,1151.1957164644155
161*false,909.0029195539878,957.5515690325944,1090.0446547465333
-28*true,913.1330319391436,1123.9932821047498,1314.852026227814
-70*true,814.8546056384363,1113.8916383064309,1260.343240662042
-4*true,1214.4087660178639,1161.94497624221,1278.8236614278826
27*true,971.3426967469627,1125.3393610643716,1312.6764022907994
-140*true,788.5342654610134,1055.9847054343672,1165.599286555997
57*false,876.0604437760562,1005.9873530087118,1132.9769331442133
-109*false,876.3398585524861,1000.9178467892355,1120.3440990115903
-37*true,864.1480329969983,1126.442022751963,1295.9199806865838
100*true,813.9525513332375,1111.8774267880826,1223.8853037482636
90*false,912.5484039557658,993.9893333325388,1110.232190920512
-131*true,792.2709229135503,1060.7848920150261,1181.2044905695236
-22*false,936.9494148347005,1037.7565484259226,1187.2499566659367
18*true,917.5418586415713,1142.5626195927537,1326.5113503146813
-3*true,1132.5236451181236,1134.6390052852573,1385.0261623440526
153*true,771.4167029459798,1045.9943266335415,1168.4061747133123
-159*false,871.1836572417373,995.3669249896932,1105.3743848404874
7*false,969.9560730049034,1045.1297639862585,1204.018233207976
-141*false,860.8783382239037,970.837710258007,1094.533857237861
-171*false,901.1618291454288,947.7338746584467,1080.2287880119575
105*false,874.1952787930469,974.7740226465335,1094.5873223732935
12*true,1041.5588370485896,1136.401970750092,1318.9540453111445
65*true,815.6077320095586,1127.9152006826102,1265.8799421389672
115*true,803.1056725021612,1082.2648296049715,1212.4253798469674
-7*false,900.9051372738211,1038.9646072323926,1202.6334709776097
56*true,823.8184077875759,1120.8885224057449,1284.8896203868032
-16*false,923.2905635323984,1032.9948745308402,1191.5079877410626
-156*true,787.5539108156448,1047.7621803608768,1160.4590601942186
63*false,872.3944035432108,1002.4144000470432,1123.9635244249357
-136*false,847.8866513361605,980.9397651770403,1096.2361014941473
6*false,925.6292415025285,1049.8440783611618,1233.0889464030888
132*false,849.9102971615438,965.2050200746278,1087.8122407985086
-108*false,859.5975464656108,1011.0257203703432,1118.9013827322435
6*true,1034.2517161348828,1129.7807067130168,1296.9420358069567
169*true,765.1897191918586,1003.5899713508627,1143.1879815856648
-41*true,825.5815206338257,1127.5652834340078,1295.647293402329
-170*false,889.422123699274,952.5512855714612,1089.7615284005424
-96*false,892.4133691252686,999.4489307987936,1124.9703473273748
156*false,883.9930668208435,977.9683033596241,1088.0313822417104
-102*true,820.1253848424609,1096.5085836057076,1214.8772539742515
94*true,797.7556039703794,1109.7511799288882,1229.72882717095
144*true,789.4210771230858,1058.2973733480833,1174.2161363868806
-66*true,818.940280314033,1122.1350279021126,1266.487382606876
-73*false,889.3069521303385,1013.5275531447684,1150.9351477181608
-165*false,866.1653840679706,958.8224050719954,1088.1079243873007
179*false,917.4616864893458,948.9293667404147,1087.1768020978084
86*false,898.0258743917611,995.4006598366868,1108.5538388890616
-11*true,1011.8142012661547,1132.1494180595928,1317.7742559136218
-56*true,823.7868299119368,1122.592183815784,1278.8985078927064
-17*false,938.253509465632,1038.858401918922,1179.1237764732157
82*false,888.1653923673887,988.3309088947324,1105.6447139235381
1*true,1207.8847616397852,1141.7039744758536,1434.4270406451442
108*true,793.8742624673781,1095.408929048856,1219.4700367672112
-130*false,860.7590996718409,978.8647504780674,1097.5697555441839
-143*true,792.2612724291342,1054.6156307317635,1159.1168130040526
111*true,792.0610098412722,1087.2425734751916,1209.6472815298991
156*true,784.2509513685546,1045.113244750497,1155.5564657544992
93*true,809.3355723154765,1110.1455062246935,1231.684432573851
107*false,871.7874717285904,976.1755797409619,1098.4593961448568
-123*false,906.5031380476069,987.182692771382,1100.6344165106068
22*false,912.0410831424547,1038.7457685003965,1179.8747497705863
-77*false,911.8720975811655,1011.496626602585,1135.3659052590554
-24*false,950.42177391424,1045.2973292211932,1185.7754823668083
-176*false,858.6593476978599,945.1169774914966,1092.3968722133056
75*false,887.8854381626602,996.543636752051,1114.2713520719988
-44*false,878.5785957405054,1026.2575264295922,1171.3496496171044
-37*false,915.0743543033435,1052.587379389807,1185.9284899469874
76*true,818.9758675390817,1127.6715857651739,1246.472068629803
31*true,956.0036811564056,1130.5151009924562,1335.8220985204307
-42*true,860.4159341773636,1129.6743507134845,1295.2219687085849
-87*true,833.2046531300978,1114.8858885343843,1232.048807827024
-128*true,802.8285721610825,1065.3651276603698,1183.4169874705694
114*false,886.8075264741344,964.6450041338296,1094.5702812155473
162*false,872.3647852681036,939.4343826593519,1079.1216228273456
-92*false,893.3181195437339,1007.4509898105619,1122.4099282082498
68*false,901.2479269772555,998.296425602458,1118.475261537363
122*false,869.644859438064,975.510182078375,1115.6241309999673
-54*true,848.7092020228563,1150.031867850254,1273.6897262250636
154*true,786.8256327976281,1054.8522673714187,1168.5479146017306
-31*false,926.2134923163686,1040.9303830372544,1191.0930593125702
-100*true,807.680155393973,1102.5043311743434,1218.8356355161482
28*false,928.3090228277857,1042.3558212375344,1174.6356666940374
33*true,971.0886831369351,1132.5002327377233,1323.8983774432409
174*false,880.0058792864791,939.5945544525638,1086.6683068720015
-89*true,812.0177530056318,1112.9898495117698,1239.9192763679514
-155*true,780.0900104055053,1048.98314189675,1158.2816671491084
-115*false,878.9658764812764,992.9669727535326,1115.2317163868502
113*true,788.2946470942818,1089.3320799628746,1203.577140370498
28*true,936.1785766914484,1117.814205036063,1314.846677878648
-141*true,796.1262475085887,1045.641953013499,1172.607874729894
-107*true,812.8410099580743,1100.916272709978,1207.381086654282
-135*false,868.1440838114436,977.262477438447,1100.5552247062888
161*true,771.8210507006336,1002.7876841555508,1146.3124287404507
35*true,931.0515831896349,1134.761939390143,1307.0702283155965
14*false,935.6549550026625,1036.2121829210669,1189.3771124552868
-25*false,930.5325080071364,1054.3826414375296,1183.2285604285537
-168*false,873.8467605224811,945.6963548660292,1088.0332778526854
70*false,886.5462453320074,1000.1838213353824,1119.1166821602428
175*false,866.157254793623,947.3676074490882,1081.1496325497085
-129*false,853.5360841848359,993.2341354354013,1099.3011819077856
-29*true,952.2656742877344,1136.5398213398423,1313.7594477687533
-5*false,948.0056869986402,1033.5987623477959,1212.0821812600511
5*true,974.6047843749798,1141.7129515727556,1322.5664672405114
27*false,899.6582892084814,1041.6588795680755,1159.7277277405633
67*false,873.9886529003306,994.6176623742228,1124.9552602116414
-176*true,782.2280840469043,1000.3063158038491,1129.0598290756727
108*false,903.3629302779896,974.0368099965144,1097.3186149865421
123*true,785.9348172453556,1075.7574217964889,1195.4940625057047
168*true,775.8865812868494,997.6573491236913,1130.0673959834116
-169*false,865.0192782898177,949.3588111049837,1094.725763916178
-138*true,797.7449277554795,1058.26242696086,1175.685692321094
-116*false,867.1219876332475,988.3743912086302,1111.63210196612
83*false,871.3868665761272,1003.4864714850477,1112.2195409034825
-36*false,906.405575953035,1040.8134957729972,1190.7979465249618
15*false,923.349526054121,1055.4698033359393,1181.5666071363182
-77*true,814.4269721966652,1108.5384871308534,1252.234544203842
-99*true,807.0949110375599,1098.7674387446714,1222.1653995887068
-76*false,891.275719921643,1019.5337082278025,1131.6722497958328
45*true,833.0450624909822,1131.2551652392049,1306.8776625170933
101*true,806.9022381773437,1101.8070784245065,1221.574645228002
-4*false,942.6765226652668,1068.992505872832,1219.0438972804043
-145*true,788.8047093227045,1048.1914667663061,1166.9494994804477
86*true,813.3370793165556,1114.2328789699482,1239.3766924489046
-90*true,816.0584283875048,1097.9883910420751,1236.5800000431288
-128*false,857.4007836667614,990.866902042218,1102.9545958114247
-110*true,807.5419786152385,1096.2333436372646,1202.3572456772065
-122*false,898.4096680773254,980.2685974204102,1104.9487191238707
83*true,839.1211394762178,1128.794899285786,1245.7022292610627
-39*true,848.9151593535906,1132.5686597770643,1299.730597587147
10*true,1019.9120987377669,1138.215360481814,1321.3855021245224
-52*true,819.2013228855494,1139.9210974185971,1288.5443348163913
171*true,760.6419904384122,995.3991394473449,1137.221616468071
158*true,777.2905056312023,1051.884737368574,1166.8924267964205
119*false,882.69712052442,962.9230579045584,1104.5331818808406
-5*true,1055.1759436201398,1138.0927596194301,1342.8759568771345
159*false,855.017061263555,981.0626355123707,1109.8495029127048
123*false,866.1954503983627,963.6471654046381,1103.3550206244622
-40*false,916.0090316644942,1021.4235394298024,1180.195451533078
71*true,820.3209773894156,1116.1517820668223,1254.7086175257264
-135*true,795.3784407688543,1052.9584217571326,1177.5660723333046
69*false,876.9959695752743,999.8772487288342,1121.2950266633366
-30*false,941.9440395603502,1048.585448860288,1197.6648554192693
-127*false,888.5997328049332,985.6318353309506,1097.8628420393725
173*false,899.8280644419384,951.1474987994744,1080.0251141073502
-64*true,819.2380184237169,1117.4878876235337,1267.0120303198462
-117*false,853.0643640204233,986.0501213941133,1101.4297080849283
113*false,883.2796413377921,968.6671091317069,1098.2983735406149
68*true,827.5933160111099,1123.3636726728657,1272.721759540511
148*true,779.9621061739426,1047.4185851582697,1171.241785025863
23*true,1153.7360783189374,1137.2595638149655,1312.92708231874
8*true,1290.7185347071556,1155.4822687191881,1385.1336474405307
103*true,797.8051401839583,1104.3121445202096,1224.7573212997509
-7*true,948.2912466361371,1136.8908879046326,1281.9414909539173
170*false,884.536300234286,938.0504751835638,1084.8388093754522
120*false,871.5250084730046,990.4010189202194,1107.732163085331
180*false,896.952276488121,930.8140511424732,1085.4899450344228
-34*true,918.3335153775753,1127.2812125617004,1290.718036708388
-79*true,817.8670493044885,1111.7426302318604,1247.2817555711356
73*false,881.9579320527359,989.8503885476233,1113.789572194315
98*true,805.4079947430198,1103.8971445847492,1233.088754774998
-26*false,917.025903327301,1053.5190966365542,1215.8903159727954
-49*true,841.5598592734946,1133.631256391389,1268.0113047808427
-124*false,853.53196666267,974.6375989986936,1105.223767363798
30*false,961.4505247932118,1056.1971797752233,1184.3534201699795
151*true,792.0595334552308,1051.305061502056,1164.2899284813634
146*true,783.3295016707127,1057.5295492870202,1173.7104318070978
-132*false,864.6031560642327,979.6297586824662,1110.2480953843688
19*false,973.3125400794705,1051.446240775294,1187.0388830042375
-16*true,978.5393416032791,1128.6194496743035,1325.7816625635994
-86*false,863.704852484395,1011.2478748080403,1128.0555835145326
166*false,893.4939529599287,950.0765563755932,1083.073109613854
-97*true,814.4302429564128,1106.8329412491564,1226.1106113891387
-3*false,989.3838032314567,1053.4215047917955,1222.6385572335905
109*false,875.3888556025146,985.3793018299968,1097.5851450967816
-133*true,795.6704302372266,1062.9503109248888,1185.6823545725028
-175*false,892.6988965376313,937.7272002332209,1082.5553648702964
21*false,932.6715958494522,1032.829955777076,1176.7826829505555
25*true,1106.942962571435,1135.5979960404293,1321.0425251276315
81*false,882.0730598161416,990.1644657522347,1113.6248680208619
-78*false,901.2529480467679,1012.8899541445537,1144.0110316351202
-83*false,877.3614930587498,1004.2504416755894,1136.619792622723
121*true,786.5857471729172,1074.9270169411604,1199.1185592912088
16*false,959.1299841964021,1031.362301475043,1185.7051371302393
169*false,892.0668684777805,937.6847762550613,1081.5969539727002
76*false,862.1718073698175,992.3921243995915,1117.6903510319303
168*false,888.1282886761685,951.5205150198465,1080.1340382966462
-1*false,983.8564681715618,1057.5429028644944,1215.0339808077292
-92*true,811.0665889044823,1104.4721310320338,1234.0853552736692
171*false,876.4908249528404,947.2286239062134,1090.604996447516
91*true,801.3926846971506,1112.4387629265632,1238.4632301547563
128*true,785.9083930872661,1065.5131407712217,1190.7540099913308
43*true,852.6828251217937,1132.7545310591008,1316.001572101609
-163*true,770.1939252957944,1002.3947034741597,1133.520720174773
-178*false,934.9022895806479,949.0855043734459,1082.2897956331485
-85*false,880.9778428776598,1014.1632894149589,1126.8853270265909
88*true,809.2029556851911,1115.7419715581968,1232.507317098093
-91*false,882.8879356117098,1007.2114910393736,1118.9988420897919
18*false,926.3906988917013,1026.0584972301453,1207.8896373734617
74*false,859.7227969490292,996.4093812748141,1115.1596265778262
24*false,931.5087774551837,1040.1513861665906,1182.4918758900446
-59*true,820.0510170853366,1125.3207503770384,1276.883775858345
-119*false,872.4705006514571,989.4606742270304,1111.8202546637997
-29*false,918.7111723681354,1046.9422733093622,1178.324718552021
131*true,783.2252652561448,1058.8692110614454,1180.4817875132414
80*false,881.8688257777702,990.2221128983549,1097.122280713369
-32*false,924.9441533981785,1043.5856238301703,1186.0512134727928
176*true,784.9940592512381,993.6333810629582,1124.0175988810277
-168*true,762.820197263038,992.5027301119605,1129.0916778193136
17*false,927.1552679133272,1037.766176710851,1187.485538656037
-115*true,805.5448394632114,1086.4289821056416,1197.8974517647355
115*false,862.860915714475,973.7284088039428,1094.9506906904487
-131*false,885.1035166446735,979.6836520469876,1108.78120938145
81*true,805.351749496976,1119.8410952177683,1258.2241731822614
118*true,788.7375741610923,1084.1271813189362,1195.0007678666252
-84*false,900.7090066717556,1007.3160611099582,1135.5866374127004
-69*true,820.3730549188181,1114.8782562714266,1261.8368825836899
3*true,963.1345471872453,1132.1461784240548,1362.6341883054677
-79*false,912.8097271390507,1012.2894725475273,1136.805662608893
-105*true,808.1293287694585,1091.5847881989644,1217.4276498947388
172*false,893.6543711880338,939.2277222589789,1083.8621435829818
53*true,819.6262753629742,1131.1764326126524,1285.2113512217802
-177*false,881.7508803515068,940.6333726189517,1084.442050495853
167*false,874.4719503904503,938.664645620112,1095.452657713728
-153*true,782.0027830522918,1048.118226201152,1162.7267508533482
-44*true,823.6378623247876,1129.8049826701297,1288.4160840611637
-33*false,908.0534856578254,1037.3168038216788,1179.002853474989
166*true,780.3932620750383,993.259483000706,1132.9443913357327
-90*false,894.1294826101387,1008.5888323948736,1125.2022992419913
121*false,860.9527720269595,989.0897428875778,1098.0535294567353
23*false,938.1531719088645,1031.8075352784335,1172.4641797348925
116*false,881.7952076536181,981.8713904308926,1092.9264837635658
-28*false,933.1937667329031,1036.2757253079244,1189.912830477035
78*true,827.637068192712,1127.7397431369475,1257.3743239252115
-82*true,814.7964788356519,1111.6817670146477,1245.2848179481734
-125*false,862.5427149944815,988.5807605374998,1103.8955112707788
-178*true,799.5619260442088,990.0013377069984,1124.5721084374627
-100*false,862.1907807715291,1001.6443934116271,1123.36356642793
172*true,794.5753590719742,983.0640096542544,1123.4357982408785
46*true,842.9052434204935,1144.0759424158657,1308.6274321792655
63*true,818.8932209243424,1128.5990656518932,1276.801433361028
80*true,809.7646606120908,1120.6787389174538,1253.5258108480969
-113*true,809.0839874554534,1081.4790628890064,1208.0737010548273
-113*false,856.9260368450902,986.9623902942947,1123.5993222724405
-153*false,861.6935711372753,982.019940274151,1101.6958273544008
32*false,912.5168859320378,1044.6789750277635,1163.7454727695288
29*true,1001.1950727549402,1144.359703033579,1312.601405597762
-87*false,879.1997776976274,1012.772907619112,1128.5351176172946
-72*true,814.9907757062562,1119.9578948415265,1257.5378115037176
85*false,901.1385423975644,995.3289388515251,1111.3296378037992
-166*false,892.3370639118599,947.1082040087549,1081.7354420789009
-47*false,895.5329866262252,1020.2489650935174,1194.2154959797056
-34*false,929.9102341894807,1021.7785985804842,1204.3323281505368
72*false,870.2870602768689,1000.9594897599382,1111.957738883775
126*true,792.2835533831516,1070.611734448412,1193.7082302331594
-26*true,952.1691172237425,1128.7034409321702,1382.3766773014645
17*true,1024.2264662570708,1140.7553711602368,1318.7284562510508
-74*false,888.0370683330747,1014.8443073896083,1136.0711377566288
143*true,783.362059692679,1068.7398031226455,1173.3478145080853
-179*false,890.1154564927724,949.0680971606973,1090.7873916476597
92*true,809.2824319898091,1116.045694159341,1240.593283296083
45*false,896.8215404433765,1017.6401698618009,1141.3247551106977
-126*false,870.6244992887388,974.504287058583,1103.7658409704309
157*false,842.5250485151241,988.4223451143406,1105.3278474811489
-43*true,833.5610534287773,1130.1900292261225,1314.4056591366102
-118*false,877.6146657810384,986.5639859928648,1112.867910091478
-38*true,900.1105401383995,1132.7309326709735,1312.0758429799073
138*true,784.1108733381886,1065.2283626417009,1176.837805625536
117*false,864.3501826365276,967.1897060853455,1098.631591874967
-158*true,780.7082190791083,1040.9492381653126,1148.464150143993
-180*false,880.216598009771,929.4184639647482,1084.4060295684742
110*true,796.6972315496243,1096.677732430181,1213.454784980444
-158*false,878.4279415952441,988.4859546718053,1098.8070860467958
131*false,871.7524790800996,960.7984153078382,1091.3891338448434
30*true,940.8152745988381,1140.3893227534709,1325.1631381933887
-10*true,939.7157511629325,1142.1799144007587,1330.8275176983475
-140*false,847.1072415062306,971.2422951231123,1100.1460757829277
-130*true,788.9452241711124,1067.1150065829177,1180.223585055058
-125*true,794.7975797809955,1068.3028490518045,1188.7023621092953
-14*true,979.940196077095,1133.4402152873017,1387.4537665438522
-171*true,765.7851102879616,989.143330068527,1134.3830382555172
4*true,1190.124268200204,1135.9612968979661,1323.5535095242865
13*true,979.8473285159195,1128.960567811719,1331.5694145087132
114*true,797.7641573504169,1087.062054292264,1203.5164980093648
58*true,844.0670014514226,1125.0659159155236,1280.5002691274374
-67*true,817.1369680302466,1119.0716653503628,1263.1207844059677
167*true,787.5397898978683,996.2222426552619,1130.8140508105878
-129*true,797.7158957648303,1063.9264449986356,1185.6046646657744
165*false,888.6828503614103,951.9712565821728,1088.0677439970402
-161*false,871.6874918915717,951.3393520355296,1089.585697976931
51*true,825.5483530931879,1133.430096949197,1292.8513396375452
37*false,926.195467949703,1024.1691605202436,1149.9802239309934
96*true,801.4349601810073,1106.9888344565334,1228.6388484377728
-139*false,868.1991037688623,981.8526965549117,1094.8859879147008
-42*false,905.1779890953608,1035.7075809288156,1191.6557855285976
79*true,817.3424324964253,1113.1465816289024,1245.5667198692404
-82*false,869.1823107720954,1012.8563110188596,1132.2338142932451
77*false,888.7618026538876,998.4367402411484,1115.7039836848783
-121*false,853.4150552604333,978.9221952254507,1106.8600555751998
-154*true,801.9394807977457,1047.4088007031621,1168.1021867036864
125*false,850.3304072533895,969.8023323976481,1109.8550710865072
-84*true,813.6288839871968,1111.2951462259662,1240.2035558031048
-101*true,821.3842826793489,1095.4519169614337,1219.9097324661464
-2*true,1222.1214070524925,1147.4742499841589,1357.9248755103704
152*false,853.6044176270848,974.5069604909572,1109.0415275692972
42*true,856.567061322932,1129.1268976585525,1312.2213283207125
67*true,813.6369678409081,1123.6902253828089,1272.8427516917286
-134*false,865.9003456156577,974.6939960171707,1095.9337198461255
-174*false,901.2853284307098,950.2815909212677,1086.1613408036485
112*false,920.5995119229217,975.2174693846107,1093.1812435732513
-96*true,810.6673174099768,1099.66201494575,1225.8002737664656
-142*true,786.6128857873776,1055.912960873013,1172.1107563562541
-180*true,778.7616564485209,973.3458138841461,1134.8115171703867
136*false,870.6401199709048,954.4872062978143,1094.5385079802336
-93*true,816.9276398697884,1111.4858293602592,1227.96538806322
3*false,949.1987335395079,1055.4542623490547,1231.7418996289532
-105*false,868.9756330815787,1005.9703464250422,1113.3177906805242
26*false,934.1578798069244,1034.0789588387158,1170.0415655805773
155*true,774.6333521821475,1054.4731227153413,1165.9516534808158
-13*false,919.2589795438608,1035.251665234897,1190.3866591897022
-55*true,845.9697902428094,1124.688620770864,1291.6749732954577
-145*false,844.5166831966842,975.0018927612662,1093.4089789137283
-53*false,884.4951011671119,1040.3412076277461,1175.8803184711278
-93*false,874.3406633715194,1009.547584018335,1131.050604788844
66*false,909.3501912790049,997.9234165884453,1131.6604124337427
38*true,839.3069761409806,1129.0913790587458,1311.7313856254045
7*true,929.2778369256146,1127.1357776886189,1294.243981195131
79*false,868.9411305419029,992.3091620282626,1120.7677677694876
-17*true,1084.212282565065,1132.5322667883966,1319.7689763853275
133*false,853.2551788467135,964.2659114086609,1097.2072365085778
-107*false,884.48458993834,1008.946835614271,1126.0434527049997
164*true,767.2707409340923,996.7239827601104,1132.42653300669
-50*false,906.8087937192404,1024.1075630738644,1184.0242319457202
176*false,870.5475995807853,960.6241422355081,1087.6197496697712
-166*true,775.1888086587227,987.9203506462421,1133.0610811060105
-121*true,801.7044117565038,1073.1476006196958,1191.1579232411746
163*false,876.9995574397442,941.2759877935379,1083.6994112380148
-137*false,884.8562282450046,960.3364346532247,1099.8210649433115
5*false,989.9902921885919,1049.8063010991493,1213.3368167290007
-80*true,810.2532005386706,1108.9269059224464,1253.375573713842
99*true,809.61946096285,1103.0863597604853,1228.7139876625665
-151*true,783.5161545081575,1046.930107916513,1163.030563002087
110*false,865.5719421402192,971.6932938096453,1101.5964260648714
160*false,856.9503246212516,981.3523106404834,1099.604947655196
-18*true,1017.8540015337685,1140.7301027651424,1321.488797930324
179*true,785.0171387855275,988.9639619051811,1128.5161509374907
134*true,792.3113214214759,1065.957632974296,1184.2093662903496
8*false,929.0846673797154,1059.186978892472,1232.3958010806257
84*true,804.5275110457055,1117.942612692405,1245.9037445193883
-89*false,874.2069892652366,998.7463701724374,1129.9121808846053
93*false,893.6781097291818,990.9919057928473,1111.9781770349057
-122*true,812.538816453971,1073.3868604481554,1191.7304337063374
-164*false,909.8631141992466,939.3984681277472,1083.7581267746368
22*true,1134.4159452557378,1132.403637911676,1336.9438936078445
-66*false,888.2257517667068,1027.0540007802838,1150.5562909758814
-172*false,862.3907785480452,946.6073106560375,1083.3876457278013
106*false,866.6799877091748,973.4711808557674,1093.8190843652155
135*true,778.7090588396061,1065.8108877281193,1184.6741229856925
-46*true,823.2476250469537,1122.267524989322,1293.9766464720628
-51*true,842.5023948466039,1129.0744125209612,1259.0319545036673
-23*false,944.9167818431858,1036.5472137190882,1191.3199799120405
61*false,870.8537702321696,1003.1874839533647,1123.5052286218704
13*false,965.9544350449282,1036.5126485088763,1197.9037433194057
-80*false,900.4055309984376,1015.7164305231684,1146.2887541013079
-18*false,981.9439817033776,1030.1662855197849,1206.633908117899
55*true,828.3577589328914,1131.8348740964266,1281.917088778686
105*true,799.3398413283973,1099.6332316470202,1216.5231923145561
-98*false,910.8352508745431,1007.6297732045193,1119.8828681041289
-117*true,801.6770190713773,1074.8649755525364,1195.4737045895454
-6*false,959.8700283463877,1035.318753285029,1222.9174058152723
149*false,887.2112540919913,974.1992374794503,1097.9045430155484
56*false,907.6994835153558,1014.2841609201128,1122.8810399629067
60*true,815.4022386149448,1125.5371997189575,1279.1481139453833
-45*false,909.4015208501698,1034.900794528834,1175.804949095536
21*true,1148.7806955598664,1130.4285751694874,1335.0977240746413
-146*true,782.8844271270561,1054.5403132034062,1171.074079560873
66*true,813.5932497585059,1131.244200344058,1265.8867558284824
178*false,868.528168190097,959.3316940096986,1082.6779335013491
-15*false,970.6254014656167,1040.5033233779843,1204.4996111898474
-95*false,904.3920054579819,1004.4547911337409,1134.798179837586
-8*false,941.0165153975747,1068.5038326285355,1222.949336480716
34*false,911.1567265393667,1032.2656114069566,1139.6099780975107
64*false,899.1849737716565,996.5910112761263,1125.1068320064721
159*true,788.1326665119059,1050.6650767305202,1163.9202043062014
-9*true,1233.0741955717206,1143.5853976296655,1342.8189597096402
-22*true,1040.7344607816876,1125.7380590518692,1311.7168197772787
-75*true,812.0657234452265,1116.3002739326764,1248.8261975949783
106*true,825.0001914939851,1101.1757058503324,1214.2452583676088
-39*false,886.2246002331625,1032.9068545221262,1169.9593465753542
155*false,862.8485565352026,974.6305468346063,1092.1601044353972
-72*false,882.9474207779764,1017.4617845246689,1141.414983239665
87*false,881.1972733181178,982.7403544052455,1109.2245680005558
128*false,881.2913598872236,967.3246329412542,1103.3005181950425
-31*true,929.6639616602183,1134.1163927949049,1301.5635100682189
-76*true,813.410784005172,1115.1551501832473,1256.1604511207242
104*false,879.9935400929605,990.496268066557,1094.864555313826
-150*true,790.2608165584606,1053.086504691174,1167.0651637326357
50*true,842.2460994195765,1140.422415695204,1297.5297638635125
-60*true,832.6048822499088,1123.8109070573366,1271.5305794170154
0*true,1347.0879403827485,1190.43730764756,1233.082301868348
35*false,910.698424875138,1026.6236465280708,1155.6005730336124
-85*true,808.7166389737148,1115.42927136451,1242.776232150139
37*true,836.3153750125108,1147.4820247378566,1312.8527257320816
40*false,909.845494667278,1006.8997769804561,1139.801973725921
58*false,890.9250521159204,997.0923764066742,1127.8836658283642
-108*true,805.646343344368,1091.3291509550745,1215.8947123632333
127*false,876.2053802620667,960.9845980865438,1101.5057570443169
-21*false,893.248052976449,1040.4861047673517,1188.0514070694621
-137*true,798.1922976806723,1061.756517817469,1174.6325959200476
-47*true,818.2669677154776,1132.2741974439657,1357.1118485031095
-68*false,899.1044584474225,1017.935552267145,1153.5480175282019
29*false,898.6804091767135,1037.7222781183082,1163.3806025476586
-142*false,853.0751790646428,976.3597842812055,1089.3387051516665
75*true,808.3220050472556,1118.8390438353129,1260.3061196060644
11*false,952.643681440935,1043.5657429391647,1257.036018493739
-175*true,776.6397225716253,991.896496608466,1130.3238135311049
91*false,884.4061842677041,983.7856594367996,1111.219628566212
163*true,788.0729504007093,1004.219920112304,1138.4261987837567
139*true,778.3174664975413,1072.775687799479,1178.0845722419347
-110*false,844.2361920502767,1008.8850258268043,1115.9211386231445
-1*true,1231.430254218814,1147.3773899011342,1425.3914623739774
-25*true,945.7623220176239,1129.6066235921637,1319.5446642552072
-163*false,856.5184446305951,952.9369275578676,1082.1962531195193
125*true,782.6132313679551,1072.8679974468373,1195.4162277985245
-174*true,794.3401071796236,983.687280636211,1123.7847617420127
16*true,1116.4376901837443,1134.8274210450388,1318.261469418595
-143*false,841.7528823010621,980.0962552941945,1098.4807896410798
-97*false,887.6375551966676,1007.4598184382936,1128.5802372105093
-126*true,794.7111930631772,1066.9489827333193,1189.140171485829
62*true,833.2837583984492,1130.3266015645313,1270.8995708514358
-73*true,817.4606729571155,1110.0874880326303,1244.9345525622055
95*false,894.9970682495782,985.4139023870435,1109.4372602446765
173*true,784.9848124906774,995.3520569562351,1130.2754589167312
-112*true,806.7169419426585,1083.3538885391772,1208.281329655034
62*false,898.7511431984668,992.1549455244067,1115.67835373243
-156*false,886.7018926047276,982.978817081638,1101.7080983484616
-57*false,891.0487738504867,1016.8270455758233,1149.456306486877
42*false,920.139209879309,1008.8835413289462,1146.2684186799106
-157*true,789.921166651906,1045.401529271182,1161.5714802481764
142*true,778.8737689932782,1062.9392195894059,1170.2328723794008
134*false,854.4726314403396,966.262828012784,1084.660961334474
-114*true,808.2371075069364,1082.992554644743,1200.96707915693
95*true,808.4255407425902,1107.8863971359785,1233.1360311058756
14*true,1109.6163948897197,1139.4006707159454,1337.6636425819572
140*true,787.3555531456799,1057.7764970726898,1179.2253384184735
-40*true,859.7482777870528,1141.6737206703679,1294.2229134642198
-27*true,888.1953887181569,1144.6309750110404,1309.2982079167718
88*false,896.6384662393632,987.332126240948,1118.3362045519448
142*false,854.1796997717335,981.3555424370286,1105.6539581453633
1*false,973.2198837985926,1055.7797949398484,1240.6046526369244
48*false,901.4396643001169,1011.0895725011716,1132.1712056890078
-103*false,858.0672700158684,997.0700794427302,1120.4450952272484
-11*false,960.5050949365109,1034.0525946564587,1208.5192530446566
-51*false,897.4303453833235,1027.0129899220228,1171.612071765955
127*true,782.0713891193549,1070.3974137803973,1200.5734975053583
-71*false,895.2084010390103,1017.089050731315,1145.6456316438719
47*true,827.6114798768002,1130.6713825830186,1290.994201498346
-13*true,1028.368440634673,1134.1272178807385,1303.7436150663489
-160*true,772.0606875626145,1019.2949910662745,1155.9264475278571
154*false,859.8412837019403,971.7793328025273,1086.2730907277526
-109*true,798.1318587093517,1089.105210558301,1210.2292537224073
54*false,910.081705298666,1004.9757247063014,1126.5926522452696
74*true,817.8186655770345,1117.0066023307836,1259.4742985383234
-65*false,888.7397016679055,1014.1471397389098,1157.4190085894586
148*false,868.7080143235936,970.3648657073893,1103.78600216104
-12*false,957.7194762501166,1031.1011765087148,1196.6930926551863
94*false,893.2298306288761,973.6498916370292,1107.847308009422
130*true,788.8886145704357,1071.416119347519,1190.6444230324023
-30*true,933.4015844499374,1120.1616580336265,1298.54135991728
-116*true,799.4372688899456,1080.2965112839934,1196.790598431248
-151*false,847.032296332458,983.5990708661691,1094.5305668459496
-68*true,819.499419988108,1121.0608633521379,1263.0797767664453
-23*true,990.1863747002037,1136.6573541717753,1297.7290815798522
102*false,889.881044489383,977.6578159727289,1096.3632706072012
-49*false,880.219684523015,1021.2566929728133,1175.407029453377
26*true,1018.9040727606495,1132.7695688921542,1316.787575990299
-52*false,884.4542098348904,1035.9563008628961,1164.513513008164
-61*true,818.0589689561277,1127.6337204816116,1266.5786186544306
135*false,878.3775767808588,952.1973366134903,1088.7060985730607
129*true,785.6880128105034,1075.4813747807257,1185.2762709772746
57*true,840.2384594234996,1128.7441444976369,1274.6397315885374
-170*true,766.4790321845912,991.5063569063573,1130.4458631329617
-111*false,864.1762602310254,997.9308721652109,1116.8959790996444
-167*true,791.3412442571448,996.3213520914837,1126.1903012093824
-8*true,1163.7224361401538,1151.8751361728623,1484.8806531270789
104*true,808.7880545786483,1103.0845363115732,1225.1679681446885
-64*false,876.1706178263797,1017.4988878328509,1155.159682706198
-164*true,785.4629913300826,989.3290589929636,1130.6149059080476
55*false,897.670237912365,999.8684088538413,1134.3086332770465
64*true,814.010956965731,1120.4166405572948,1261.6212991784648
43*false,903.0690481766405,1017.4218413668594,1133.1487244053847
147*false,852.5474546691536,975.7391341920874,1099.2294424311149
-157*false,855.303282576223,973.3778614990872,1101.612382607247
101*false,906.8247244712742,976.0602318947174,1106.3982129787917
-162*false,902.8201328543004,947.5054093859069,1083.991895260599
152*true,777.3940627835102,1052.2702931890826,1166.9927899646555
177*true,786.1973825438178,989.9411548220171,1130.7010826382664
141*false,839.4013139172907,971.6877165282872,1119.7017431701504
-150*false,856.7592633867088,983.5638388177571,1090.4632432569833
-58*true,818.5686864368914,1121.382401267761,1278.4019333800045
-71*true,816.7772657683034,1107.5203224187362,1250.6276634529916
-149*true,787.0320278977877,1041.7757579181753,1157.1608734560964
143*false,856.9658092758872,960.7408205660881,1098.039566427096
2*false,943.6832166804942,1068.6899326719886,1251.6418688427511
99*false,886.35910617957,978.9435588236371,1098.9089902717255
-10*false,956.1357081983849,1036.8447508427148,1203.1237599818023
-81*true,817.3214763007051,1115.945887400447,1239.7532248070295
49*false,900.2621881492659,1005.1510203486076,1134.658717704188
-60*false,899.4483261791399,1021.8114714878438,1152.4508957747234
39*false,917.1441297801289,1007.5933477628909,1141.829870899746
117*true,804.6512920577501,1085.7284873624296,1206.6654201525946
180*true,757.6293032657023,973.0834851256712,1121.0976470750063
-6*true,1017.4002367786688,1140.0046085418935,1294.4855787230988
-33*true,990.6054298009983,1124.605913458959,1307.857978785263
-78*true,818.2715390365504,1115.498924037499,1240.646117024425
-147*false,866.852212943803,979.2567098820275,1099.1820674109144
69*true,821.259298129309,1122.592927532792,1266.1191691788035
24*true,1003.9198237421905,1130.2808375947552,1370.1431543152626
-179*true,772.3685601773221,1002.751833563508,1129.4324289203662
-134*true,794.927324079132,1061.2310956545,1175.8496389506206
-104*false,859.39733132228,1008.808054559476,1117.833487997852
54*true,820.6013726466497,1128.0029887071776,1280.4404707830827
-20*true,1154.7810608835657,1149.9948915121165,1315.8261670524964
100*false,881.2993097060585,975.2844253112121,1103.1210100603698
150*false,847.8020608626218,980.257331151849,1110.0839622152655
150*true,777.2878989915598,1044.04995425572,1169.4110484200517
-104*true,804.3196052220055,1092.6460839121667,1205.4017946807785
-35*true,851.8503700557417,1129.8771514864627,1296.037578547526
87*true,820.903598239602,1118.4709161959806,1241.151066982222
53*false,880.2275258098971,999.3175450585657,1121.9600331357406
165*true,786.2488217595055,999.5063239027619,1140.5424017585779
-83*true,810.6989793799462,1107.940134724082,1240.5006179155525
-58*false,902.8632860274595,1026.572436722065,1154.5689822347351
146*false,859.0029165516636,967.8239159769893,1103.4389952747272
90*true,802.9179555325002,1116.3700962661076,1234.9938050585001
-152*true,781.3861746039365,1053.0228400245976,1164.6941047870052
-152*false,872.0071385552296,988.149040249883,1097.461069219408
-106*true,807.306365658892,1095.5066498407057,1216.5035093718257
-63*false,873.658715888734,1025.566246424452,1161.4601546826045
102*true,796.3729746439479,1104.8662242517019,1224.3384752430395
132*true,774.9948901253234,1070.8301733546155,1179.1799531742024
52*true,823.4693888820974,1120.2501673183338,1293.0496603775748
39*true,854.1800300834818,1136.042908688063,1305.2451452353637
96*false,880.2654346476191,976.1291185641252,1106.407212729525
-155*false,862.1257785273998,963.9918776669366,1092.208839044268
-55*false,922.8018283680003,1022.2297377877986,1166.7098183956962
-98*true,807.9094861655353,1094.8327871471265,1222.4814246040694
-53*true,830.5778248438468,1144.1756319555589,1278.766874954081
138*false,888.2876411817869,966.631185063254,1091.1266822901055
97*false,879.8148706940979,983.6788697182054,1113.6957283777076
0*false,923.6064490901078,1131.8373993580997,1214.260263231725
-124*true,800.0051807166449,1067.2759628856072,1190.0404068213675
119*true,789.617085916226,1076.1791242128077,1200.5607726742408
82*true,812.6561861222773,1114.943873874153,1255.312075405984
-169*true,783.8912435468173,992.91089924754,1125.1285783831763
122*true,790.0146501963454,1076.9259544167583,1194.81637390935
175*true,769.9403377786147,989.2330921954915,1133.1461897817182
170*true,756.0453961320615,981.791306636894,1134.748162879054
-162*true,772.1083829179852,998.9005156489804,1135.1004750543625
50*false,865.1347650696392,1017.222795252133,1130.9013054194193
9*true,1248.415932504442,1160.4558608407203,1349.5733124806616
47*false,910.8978042997514,1002.5719451323478,1136.5280642184398
34*true,936.7671849988985,1124.9876405757027,1321.0764135797988
-62*false,907.6666775009422,1033.73186101789,1159.9529197992351
-15*true,1050.901257816684,1137.3584123564808,1308.5819417402686
-149*false,888.3597464511366,974.0868394072071,1090.829649438513
137*true,778.1850313051265,1069.112050306298,1179.5460818976903
-101*false,887.873864823044,1013.623476349639,1120.2026782003395
145*false,854.2704366391615,976.5497585948181,1101.3775869398246
49*true,856.4800075334135,1134.2797963504813,1288.652858322589
59*true,824.8175385807049,1130.2058094564968,1275.1600714075691
112*true,791.1805465523556,1085.329476817696,1206.1566985452937
-159*true,780.098659777627,1037.946647257087,1151.616751767923
-154*false,880.8681909300225,977.6065214652492,1100.0090148206298
-172*true,753.3633687783395,987.2340202753714,1134.8407582347295
-56*false,867.0742451405705,1021.1641341281655,1156.0953350923262
-88*true,811.08770683194,1111.6888099011437,1228.2000628538876
98*false,879.6931971248108,978.7002345085657,1097.3422521885263
-61*false,893.5613961474337,1014.1180483198025,1161.8009707548513
109*true,790.5571983572407,1096.285825940176,1217.7227089365733
72*true,810.7931185198339,1126.4050380514243,1254.8022468733964
51*false,905.5880328990846,1001.3205855018001,1130.1238283643086
-148*false,866.1752450059614,977.6440368839675,1092.271700497899
160*true,777.4551538823547,1034.9096199957855,1152.4801954471243
-102*false,879.4801619930593,1000.2909112820041,1116.4633900570866
147*true,787.1433909361341,1058.5429218164961,1169.1423274092467
144*false,869.9187114120025,980.5292770978685,1106.739307776906
-63*true,813.8395944652076,1117.6332149950194,1258.3031692320105
97*true,799.7688913264773,1108.0685984897548,1230.084549455533
46*false,889.0478376922377,1013.694383211204,1138.5506204655835
139*false,864.0403740619843,958.0714276218387,1086.9392206339867
